500
444 479
876 1095
24 1245
652 840
755 847
23 1158
1345 1418
628 1046
1366 1373
255 713
1383 1429
571 701
509 1161
1345 1418
1413 1416
769 1042
928 935
1210 1257
1255 1361
718 880
171 975
903 1186
27 782
867 1103
494 1040
195 1191
497 537
950 952
73 165
218 454
1001 1439
919 1124
359 566
1030 1166
1179 1416
428 518
293 461
1106 1367
167 738
879 986
967 1348
1023 1337
1154 1326
1240 1412
130 785
111 212
331 526
35 643
747 967
822 1262
997 1192
1153 1390
829 1388
30 399
15 676
260 1366
997 1233
400 523
805 1407
978 1094
861 888
6 182
576 585
94 1243
512 572
822 872
192 339
824 1024
1300 1350
1000 1224
23 848
848 1174
30 799
2 317
817 1267
874 1310
1248 1345
1177 1258
1076 1227
22 1139
329 848
345 1129
1251 1437
64 1203
958 1380
1070 1194
920 1278
1413 1435
652 1151
1160 1359
620 809
14 902
54 1125
236 1084
467 1304
1410 1428
1155 1263
920 1218
1287 1323
122 859
4 1311
565 700
1379 1431
689 1356
579 1110
751 1393
612 905
1168 1434
801 1023
1353 1389
748 1287
558 1141
676 767
1147 1361
196 1370
1069 1395
7 732
436 930
326 1358
1162 1218
602 1250
974 991
130 516
1013 1419
881 1434
662 962
994 1436
198 1247
1073 1233
1072 1216
32 799
1258 1259
423 1298
608 1143
215 846
1060 1354
726 874
896 1091
912 943
1107 1157
597 1346
582 1082
548 1048
194 1123
1432 1439
712 1209
1427 1438
45 243
462 853
1420 1424
882 1131
364 643
224 616
607 1241
606 998
4 125
899 1382
1051 1136
1235 1334
194 1339
225 694
237 1168
819 1238
511 618
191 1022
967 1221
562 573
1049 1198
1031 1263
178 981
1281 1377
521 1231
903 984
1167 1364
612 652
534 1182
191 804
866 1069
577 1315
249 1192
1368 1369
272 465
1095 1324
114 844
62 824
1345 1438
600 751
1064 1286
947 1016
1295 1369
70 832
1240 1354
57 517
808 1422
687 694
352 489
1124 1145
1294 1390
209 1075
556 1015
687 780
924 1415
934 1115
219 1314
333 1055
1014 1160
1431 1439
850 911
1407 1409
1026 1145
501 1272
86 357
637 1359
1410 1427
694 1104
54 70
1178 1355
1313 1337
978 1186
1432 1439
1149 1324
1206 1331
1341 1431
23 786
58 647
297 778
878 1021
683 799
511 562
234 892
1077 1308
1254 1370
663 1432
1020 1079
13 1385
1260 1362
234 641
525 1334
862 1420
925 1332
626 733
652 1333
890 1110
228 703
170 650
359 567
1434 1437
957 1315
336 980
742 829
1373 1378
71 839
1066 1165
58 383
1276 1345
84 573
670 983
119 388
220 1096
303 428
608 1271
1292 1436
591 1400
1097 1157
1194 1437
133 396
238 626
558 707
273 932
43 1382
615 1255
365 1438
1242 1421
1089 1338
91 567
1082 1097
1278 1320
591 627
562 1217
159 939
751 1014
476 1180
616 908
1364 1386
1028 1215
1361 1409
1427 1429
444 1434
1244 1426
747 1006
494 824
1372 1385
655 757
667 1047
489 791
1162 1354
781 1301
662 1062
1231 1346
308 1034
167 1254
306 1365
1191 1411
547 1084
1259 1390
961 982
1030 1163
1152 1200
712 995
805 1163
177 582
1393 1405
1209 1283
685 1233
1439 1440
1013 1370
1093 1217
726 976
571 1299
1132 1393
224 496
328 1420
984 1177
1011 1186
1042 1365
792 1410
607 1295
765 1015
1126 1221
516 821
1146 1413
1402 1404
660 984
276 1065
1191 1251
133 607
242 472
424 1315
1320 1382
255 391
302 725
1178 1414
64 1174
367 1043
1113 1189
322 447
1322 1323
234 272
70 1053
1181 1210
19 246
162 668
857 1087
649 1297
721 1418
1025 1089
607 651
1037 1134
1230 1234
1394 1399
340 448
1112 1346
1340 1410
551 872
275 1210
252 326
981 1049
543 1212
480 621
122 1025
922 1281
615 1011
850 1432
1355 1435
339 1045
1199 1428
1026 1415
297 1274
604 1367
517 799
919 936
718 1215
769 1254
259 922
870 1052
228 448
876 1118
686 1205
976 990
625 1289
1140 1181
1212 1352
933 1208
351 1100
824 1122
76 1266
1153 1297
958 1393
1107 1206
517 559
480 1088
1414 1433
538 546
66 268
904 1324
1090 1149
150 681
422 1333
1140 1372
663 1394
1411 1435
1105 1122
912 1260
385 1185
1367 1398
260 705
461 856
810 1243
743 1122
171 343
1432 1440
1365 1383
52 1430
246 867
957 968
101 1336
1281 1410
446 971
1101 1216
671 1284
1108 1335
1359 1373
308 1314
927 1008
1258 1341
928 1248
230 462
1056 1202
1000 1038
626 931
675 1437
606 766
605 797
840 921
161 413
606 1068
1035 1223
563 1078
661 747
973 1210
1167 1326
1200 1246
318 983
884 1150
347 1321
1279 1313
1258 1421
495 627
835 1357
509 950
1194 1259
1233 1252
1412 1425
1359 1432
1223 1244
950 1181
780 1200
293 1142
1433 1440
18 318
281 792
464 594
1015 1039
985 1425
349 893
1162 1363
1107 1264
865 954
1014 1199
134 1291
47 1169
901 1182
20 1034
232 389
843 1325
561 1258
255 594
111 783
814 1372
1061 1198
112 757
447 735
912 1071
1277 1333
1197 1253
989 1237
651 1172
268 1392
609 1206
834 1075
