995
209 6150
9200 5897
1603 6656
3926 3496
4338 8981
2012 5715
3785 2507
7750 9165
8412 4160
302 2751
8762 7807
6622 7808
7342 726
5894 3374
201 8376
8880 8469
7465 8060
6192 4869
3632 4227
612 656
5136 7837
8720 6799
9762 3646
5830 8736
744 6020
3680 6651
9364 54
4987 8257
7605 6598
4463 4561
4937 7565
2178 8925
3784 4135
8240 4119
633 1850
8884 2217
5147 665
2312 7073
8186 6010
9910 441
4849 7908
4085 1224
6217 822
4313 9100
3335 4349
2402 6022
508 3773
1846 8550
6848 6787
5097 6775
3490 2605
1935 2565
7968 1547
4666 3516
8122 2559
6934 1683
7214 3661
1962 303
1147 2425
5573 8941
7181 758
5809 1335
4623 9119
799 8677
3051 3770
2643 5780
8351 1710
4927 5931
5881 1555
9674 4010
2142 2748
9168 1749
1902 8963
6843 6062
6863 9066
527 2623
8549 9541
3727 1209
3517 2999
205 8689
9797 348
4115 5521
679 5152
4284 2272
4707 6953
609 688
4616 2096
884 2031
9449 3260
8213 2165
7860 9260
4113 9039
4335 8993
7766 5278
2259 3470
7835 9746
4186 3636
4068 4219
4777 4466
359 7888
8158 2532
9180 9323
2882 8636
6861 1357
4495 6865
4176 1868
8897 941
9498 4183
4327 9495
9029 8164
3674 1705
6419 9399
1903 7323
8573 6166
2126 2328
523 3771
148 3314
78 1828
8166 2678
5861 8856
4423 9888
1771 339
4143 3210
8380 6387
5053 6007
8161 611
5158 7877
3931 5883
4763 2905
8839 97
9879 538
9615 5578
8497 75
271 8932
2823 869
3506 4871
3392 4170
1273 5307
5468 8930
1282 2599
6035 8969
2005 5549
9324 849
5087 1818
4645 6687
6376 5851
1186 9525
7889 1799
1372 6145
3147 6047
1965 7299
9355 5226
8825 3357
4878 4153
9421 590
9536 7339
583 6129
591 2520
7502 7607
7559 1917
1617 7110
5560 6243
6060 3367
8395 677
4283 217
5921 7655
2754 4823
6941 705
5171 6862
4725 5170
133 8567
2313 4782
1419 7966
7540 3085
6650 9550
557 8886
7156 9753
5205 6064
6230 5495
4699 4836
1725 5184
4698 2323
6748 6323
8077 4266
8542 6156
5160 7398
464 7862
9764 2600
1578 1564
3988 516
1097 5483
3081 110
3432 6755
3553 9921
6506 9600
1778 2525
3629 5295
2439 1323
7037 6669
3296 9336
1994 187
7406 2922
454 4921
3451 3313
3633 1460
9789 480
5572 9299
4420 9215
1365 1628
6586 8994
1974 8786
1436 233
7544 315
8713 7562
9687 5349
3361 5063
6360 9185
7714 3924
1768 9857
5944 2967
3725 4036
9644 8896
4691 3960
3369 6776
6260 992
741 550
4876 3299
2825 6319
6954 872
13 410
2198 219
7598 897
8774 5867
3410 4366
112 230
7378 7352
5213 6655
5834 8386
9226 4288
5033 5266
7615 6526
9465 7964
1497 5245
9222 6897
6285 9706
5449 9404
8609 4147
5397 4124
9631 4062
7956 9353
7312 4972
1159 373
9123 1926
1338 7410
9700 1761
3972 7706
4433 3656
1595 3038
2808 2117
1713 5121
9750 8229
5663 9891
3870 953
5678 1975
4985 8841
1625 3619
6149 7432
4243 6814
6402 8794
4518 3782
8581 5008
4079 8752
6913 1879
4198 128
8599 2676
8329 459
3166 1437
9649 8200
9243 1421
6986 1789
1278 1684
3124 4758
7911 243
7392 606
571 4044
10000 7201
9645 2014
9295 7376
2628 4040
8681 9154
5316 4410
9801 4571
9777 2307
1798 2571
4097 4679
2653 4668
8570 8289
8243 542
9575 6029
4385 4469
4740 6979
3429 2047
3749 524
3695 1388
4769 9713
3328 1200
5461 5511
1074 3453
7345 6970
9601 1666
3847 1288
5017 9511
8361 9640
8717 83
9144 593
7395 9110
1942 8772
5547 6170
621 4722
881 4361
2573 9954
8516 4372
7071 6988
9907 9328
9228 2317
5028 9699
9109 7091
8482 4998
861 1267
4912 3779
2931 4839
8623 7823
4006 4018
3042 6167
1002 8327
3381 7010
9748 813
4720 3271
5494 9125
2993 7896
6356 2305
5466 825
4255 7262
5129 6628
764 4678
4586 4914
7927 4506
7943 6716
4800 3936
5856 3723
5953 9581
1633 2739
2197 7719
7583 1979
9003 9218
9490 7898
2279 8095
2768 6301
8857 6738
3937 6521
630 1138
9474 8783
7354 389
889 4438
8814 9840
4106 3537
5788 6958
6212 9253
5597 8955
5935 6282
1366 7015
4674 7487
7260 8006
6996 2418
702 9394
2968 2767
6729 2223
1862 7887
806 2353
7207 5914
5104 1166
6627 4024
7903 5162
105 3798
9027 634
7804 5803
4762 9390
1400 2618
2634 3778
5504 9294
592 485
8295 868
6362 2457
8159 4680
8003 9015
3539 7103
7203 7358
7507 2954
1132 1169
5042 2872
9556 8418
8330 6229
8560 4081
765 2395
5415 1589
222 5465
5194 2957
5555 5769
957 2483
5538 3283
4857 436
5599 7883
3942 2169
3653 7698
1153 1629
7052 224
4362 3679
7737 2588
8664 9380
372 5852
4489 2908
6493 3676
5413 1367
9121 2996
3819 3421
5976 521
929 5102
7763 1162
2170 8688
9842 7516
5827 3133
8699 375
3305 4022
2358 8179
4301 9665
3190 9977
2720 2043
834 9989
2626 4414
6097 6559
7021 3880
378 240
4125 4184
9263 9731
3867 1021
2596 1681
1870 5054
5922 7971
2652 7810
1826 7665
8680 9747
4425 7143
3551 3050
7121 1083
7381 8140
5074 2124
1940 8364
1773 1936
2673 5157
5338 4673
6280 8333
3347 8692
5265 2009
6052 169
1687 7059
448 1230
5365 951
5141 3595
7177 2801
4993 2609
4287 6633
5066 4501
2044 2757
2199 6666
6925 2689
728 3494
846 6123
2798 798
4481 9859
7581 9795
4416 3705
6727 5760
5374 1801
8144 8492
9004 5106
3318 7477
3608 286
4259 646
9867 3888
2038 1181
3952 6552
4282 3394
8663 4728
4824 3056
6028 3504
847 8964
4325 6609
8683 1207
8411 4626
8457 9869
4480 4783
5435 4066
6870 3389
7624 9646
8406 2986
5596 8448
1672 6084
6019 7547
7798 84
5915 4016
5637 6056
494 7535
1631 3655
9800 1514
6330 4246
8196 5714
3161 4137
4774 8909
9605 8475
6308 3295
9433 5000
7699 8707
8287 8505
5477 7929
9488 9344
6972 8926
8678 5085
5685 5473
212 8390
1557 9340
9927 6923
9254 8201
2587 8344
4737 5625
5275 461
2381 3359
6524 8154
6487 4575
4653 7417
2930 729
9085 40
7335 3350
2373 543
447 7657
598 3854
5370 6158
8018 9782
9475 2320
9799 2406
2241 2637
2570 2399
6681 6005
7191 2671
6713 3837
7027 7796
8117 7135
5853 1027
3809 653
6867 3026
4500 657
4117 6792
6438 9056
6151 4589
319 1743
6725 9261
5926 778
4088 1546
2392 8620
3502 7389
3282 918
4419 4133
9877 8211
1967 1561
1013 8358
5683 7268
5225 402
2122 5456
3712 2128
1920 565
4966 2756
1680 2638
6124 1785
9584 9494
9652 9702
2384 4404
2927 3869
1386 3772
4989 5239
6783 4029
9463 1139
1131 6761
4444 1515
2029 2674
5068 4749
3323 4979
4988 7577
261 8936
7812 1165
5795 5615
7195 9391
59 4534
9613 6444
7064 6678
8239 5364
189 4772
7820 9751
9280 2225
4505 5169
3788 7522
3414 3164
8833 4572
9554 274
8001 5488
8247 3395
1580 7821
4915 380
2146 9385
1909 3546
6198 5752
3088 5047
7382 9768
1626 9535
509 7034
2051 5164
7825 738
492 2478
7727 3303
8843 4229
9993 9415
5525 5089
5509 5568
6921 9979
6093 8706
9327 6956
9843 5806
5636 9987
5256 4815
8442 6471
3363 3149
8978 6882
2919 6884
9269 1061
7836 3641
2803 345
5204 8310
6286 6050
5192 1758
5821 101
8562 6494
9852 5635
8498 2157
808 9533
2269 8797
7242 5558
6632 4588
2834 2670
2268 2533
7977 3540
123 3346
522 4724
1919 4544
137 5544
5771 3178
4233 229
7780 8347
7663 7979
7880 2580
699 8715
8078 8513
663 5163
549 1351
2379 4122
893 914
3750 2903
4852 195
3475 2108
9271 5828
9736 4394
9141 6849
9804 4751
5259 6561
8976 8792
9552 6596
6337 2706
9373 9692
4386 8892
2778 7773
4027 8104
9352 2000
5264 3439
5176 5738
6695 433
7882 2531
8311 163
1134 9673
5657 6682
8816 3483
3341 5230
748 2899
3184 6332
7515 5893
843 5243
424 7886
1093 3198
4957 947
2841 8556
3704 7637
1576 3896
9250 28
7212 7221
9050 7377
4078 3170
2094 9790
9597 7954
5798 6641
1133 7781
2551 5298
7430 8452
3340 9822
7819 9025
2667 5639
7847 8917
1192 6013
9926 9259
5697 6806
3233 8021
4953 2017
1396 77
8751 7518
8722 5304
234 4087
9014 1731
6329 1866
6607 3965
6446 1360
2141 2560
1675 3958
165 3658
2820 8865
3025 2118
135 4165
7438 4181
743 3807
2961 2703
3012 3544
118 8127
6246 6358
3430 7717
9466 4916
4161 623
1906 2271
2608 9268
7809 5405
8138 1325
2036 5868
6885 1454
703 8301
8022 6636
3791 9904
2713 5967
756 2550
8503 6223
7315 6795
5518 5132
8420 9013
4665 1889
8214 7189
7949 631
870 1180
3805 6103
8803 1548
754 7128
3454 4052
8849 6333
4437 5188
3515 6549
6515 7869
638 4260
7039 1431
7470 3690
9538 8141
2056 2707
2113 5426
9047 1537
4171 5124
7924 7510
2971 1203
8861 7641
9267 445
4671 4311
5145 892
7957 4415
5643 1664
3280 8883
9586 2783
8193 8520
3987 3264
272 8787
8135 349
5721 8546
8975 3473
9971 9515
8037 2978
4351 328
5653 4323
7587 3861
5437 5782
8548 8178
7902 3699
1105 1928
8602 2914
7424 9940
1183 786
86 3406
8860 6587
926 1703
2782 3092
3920 5955
81 260
7532 314
6868 1161
1197 5793
7186 5839
4860 4726
7224 9022
2579 7120
9810 5777
6002 7001
9604 6777
1353 824
5286 2175
500 3377
2917 6244
4695 9422
3165 1477
3243 1144
2604 8461
907 5452
5728 7752
3949 2918
1157 9683
877 6739
4050 7770
1435 4357
1108 6618
904 1369
9212 2119
5440 3554
4028 9438
5939 7423
6510 2453
9959 5193
8920 9249
3707 6951
9172 9497
5981 7582
6807 2151
768 5044
2568 7865
5354 3224
1724 1861
5522 9420
5626 5274
3005 6427
1867 6089
3756 7758
2574 2850
7048 1667
3753 7905
2048 1451
8325 3801
4609 8456
1029 4059
9131 8296
7388 5258
1445 2708
8878 614
266 7985
7545 2814
6267 1701
9302 4383
2737 1028
9510 5614
7178 5634
5602 8118
7157 3196
5691 6377
4342 9473
7558 7984
578 3664
9205 7372
3154 4070
7955 5529
7498 911
3729 960
5682 5632
6079 1737
6383 6773
811 6701
3227 9169
5228 6715
6115 3006
2804 8763
2030 7416
712 2440
6460 9723
7779 7466
8258 8634
5720 5865
2563 5279
6441 2273
2039 9129
7863 1714
1540 3520
6261 1627
7188 7467
4496 2226
9675 3990
2186 4536
7622 5533
7175 2016
2651 7792
4449 6975
7274 963
1286 7751
1319 3488
8342 3598
3718 3811
4842 3982
3169 6310
9679 3221
5783 5927
9274 3478
2728 1102
7075 7413
2424 1397
4403 7155
4566 8874
5197 427
9159 2564
5822 6095
4568 7858
787 7672
7904 1114
7914 9657
6626 3446
176 3046
6579 3039
3879 6555
3422 8405
8245 4838
9086 8027
9948 7008
67 2248
8564 5692
2510 1560
7000 3944
8212 6443
82 8129
8367 4150
393 4307
321 2021
2120 1849
4373 7400
9577 5775
5045 167
9923 4685
7694 9429
530 374
2202 1571
8585 6417
532 2408
2890 6702
680 3556
1860 5624
2645 1374
5057 7185
4067 2539
6424 9855
1900 752
8054 9082
7130 777
7280 9519
8507 5829
9183 1136
860 3777
3853 8115
5199 5383
840 1983
9684 6737
8155 9424
5417 1995
7629 7074
1378 9170
4174 140
