26119
82107
50057
1538
74225
21440
50545
43573
88430
82510
85484
79273
53018
80139
44085
6529
47646
72459
25349
93674
19645
14587
63836
14672
70484
47163
73538
47564
3947
42094
57844
81022
57171
95743
89059
21060
47859
4551
35040
86502
8309
78367
12386
76408
43724
71053
73287
17733
96967
46803
39703
71604
83905
93369
42184
28345
22773
42251
92091
84965
65860
77575
55602
55146
56673
45065
81133
17913
52680
61236
68066
85846
61244
13135
61601
71055
53012
84620
68129
62122
45766
43529
79660
41639
56276
60163
65953
4234
71363
28377
28106
64441
90560
70424
73144
49787
39761
34702
13722
43740
89633
83163
62542
71406
47323
86235
51492
63358
54530
60244
87325
45490
37888
6044
18725
64274
3483
6698
40700
86301
31948
15602
24517
42930
37693
31940
45686
51107
52102
48330
32723
51674
52554
45992
96754
93516
11735
83750
44505
49242
61784
97921
96487
54367
22424
21746
14264
29967
83921
22862
27782
46494
9198
41965
96492
43743
96250
32482
79331
72645
9894
42233
45419
7134
27160
70219
99259
24154
51005
70882
10809
83566
32229
28537
98546
2183
65705
83457
46384
55879
18363
87160
26468
95278
42747
28326
64530
89626
53114
64961
90820
40369
36567
94456
31539
18767
47331
94134
66946
27493
63991
64472
35268
1838
93037
78638
49653
24629
48981
27285
74583
62756
86521
38961
63894
80002
31401
64621
49756
97823
80890
11056
11054
84083
45578
85151
52890
51587
38030
38833
57974
61487
16112
34975
17327
52042
45308
87401
69182
37281
41750
50603
68132
47432
70364
46380
90004
35501
41864
89512
86333
58204
7548
23992
60394
15684
97186
82124
28407
34609
64996
82920
63589
67414
74013
16189
24575
57264
24460
22401
35378
83289
4615
14803
16838
17809
16532
94123
41638
84087
46087
235
13603
65770
43050
30245
47698
48505
89657
1057
2060
87888
59403
28963
95006
9220
25880
97101
16262
92672
10267
4740
85050
59405
73325
47810
25915
80450
5986
427
21409
63786
59948
58825
58103
55873
52502
93343
10689
28333
16024
41857
30935
2977
3067
26990
71330
49908
12431
32224
43863
27028
20718
83879
18779
78271
12534
17931
7149
69239
60644
61748
26795
93190
70930
19684
73276
76681
77714
21319
87515
74477
71737
38242
76735
67065
79496
18281
30531
72666
90535
87662
25870
75786
79556
1550
50123
83267
7556
54346
2852
77266
74932
55565
92378
30796
62681
67954
32961
56803
5119
35325
5292
83054
54797
84519
97056
41985
24500
49270
67186
66022
91636
85896
26789
24144
71956
7529
4525
19512
39997
40402
55288
65701
17432
52200
40268
2272
16124
27483
77357
63307
49658
11428
25238
88576
62930
63882
19522
80571
17265
90946
77807
20153
44777
7748
35245
99001
53827
2953
35898
98207
57530
76127
57415
94638
44989
90428
81280
17366
68748
85364
17702
21908
5656
17970
65459
17327
2425
75542
78420
4104
30733
74534
93127
92581
93805
74918
82698
89111
41273
26091
50460
5256
41764
61252
44968
67438
74784
2257
33413
75077
33087
31314
26669
58433
45772
74600
50086
98713
76796
45963
41163
97582
91449
5989
74536
94571
62893
2742
48104
81336
52292
95005
67456
24088
70669
82039
60479
81598
24575
44580
7890
86683
72462
35645
8061
61342
48221
70807
43824
31069
34152
26816
25008
89522
47325
92191
63083
93066
17606
67022
77575
7463
70826
59349
51868
76438
26579
62113
18906
7265
49666
4816
78896
72196
85559
77669
25591
69620
94912
1145
90384
75423
63704
54469
27650
51985
15847
67711
49282
64710
40904
64251
86282
89764
97793
80300
22988
11600
31420
61142
88455
31196
85803
88799
73548
50827
58889
90937
36962
57272
62254
13465
68569
13173
70119
80581
96075
7414
11758
20654
98557
80792
43373
65338
40264
66762
28041
60193
63182
6458
23579
61749
93064
39046
82927
82204
87829
90438
54786
82594
35320
66497
69155
95169
52959
91151
44669
36040
64143
83020
52932
86933
6872
3178
12625
43193
2569
24218
55921
24082
33489
78163
89928
21695
80180
45839
43895
58805
6461
16807
98140
43333
39632
66244
32192
3880
88179
96729
93911
41798
89840
9672
79406
40005
87279
49915
20282
34870
74759
93953
50387
6153
31222
23829
18769
39038
68841
66829
57012
74926
10470
8697
55748
89431
9146
16742
54148
84463
19703
81086
70604
21065
4286
4502
40750
50744
14234
36356
78700
61723
76936
19161
58305
21097
1072
34882
39941
31849
70052
82745
22912
73437
33501
78983
19584
64084
51231
69815
57272
99189
77334
98217
2367
5217
41913
22851
8222
49014
31815
20098
74645
80578
60488
61004
48502
95113
73413
94115
78121
24651
26386
10587
70102
24759
8174
88444
55000
17254
82474
88893
14188
49500
33779
65104
10532
82349
6380
55258
7915
55655
83210
53668
57074
6950
93224
45907
91435
13641
32535
45082
85083
41104
29520
12715
58672
28786
79961
53279
75412
2927
29749
14831
39235
94005
15263
30053
15639
45080
34873
69041
25904
92984
41120
42813
63941
19162
47833
75185
20212
51025
60507
67847
80402
33424
61333
51225
56736
22857
69988
94132
10058
5097
21255
8752
28460
4401
10099
75644
6030
16330
54585
38374
56048
93123
20880
18645
24596
65335
91468
85020
2523
921
69189
57239
2949
47339
69077
99849
38783
9544
69793
53977
26764
81249
65409
86056
59454
22166
55972
94660
70812
23263
56861
20155
53510
77110
61599
64537
56039
48346
78820
52979
25052
61910
87883
68714
30102
56207
37098
25350
5369
72374
58947
25269
77544
14595
24287
55588
5801
98403
50969
18391
96968
49628
30983
21383
59398
41214
34319
33129
23377
64184
10340
13748
83167
94829
76295
42476
64107
3483
52514
40139
13471
82310
49804
48375
74830
95464
78028
30014
96394
59958
36565
74129
26687
30261
59549
5781
40976
87543
79624
74219
20691
93824
67003
87251
93110
15995
31244
50497
65492
87490
6113
83749
45969
19725
75381
9781
64728
55282
81067
1158
33848
99042
40903
33608
96088
89618
32985
74298
34779
37064
36331
64176
52379
32130
68082
62551
60968
9426
19332
7068
40208
31645
59928
98947
39090
80769
47650
57920
78084
17024
47799
24001
21580
84150
84325
50478
56441
88533
32083
40107
81685
20751
1511
19298
42994
24090
68825
10330
97015
81279
16567
75800
97943
50378
92176
36252
2091
38705
4901
75594
71360
91561
68313
64593
83019
41764
46905
651
92290
68732
87222
92098
85510
97974
18367
76146
54907
98059
37991
63083
88560
73336
24910
53653
31994
31561
38013
19826
25235
66141
75123
31933
95106
27170
79919
35729
84746
70404
98339
56938
14392
5284
12508
64990
98070
24232
40516
29398
22411
17270
77388
97632
49175
94611
81765
60661
81452
96476
63263
12704
47291
56944
1240
77218
42784
31322
32555
77920
69002
40967
58285
87129
52058
10161
2641
22439
82085
45596
73511
55949
29120
67266
62710
6439
18834
67691
76904
83978
46726
77408
14844
57026
38416
4488
2721
70668
78018
2765
44228
66075
37237
90657
92638
10055
68190
17526
96521
11145
91081
93832
48209
50869
73890
74633
23463
90851
90626
48738
21965
13411
86067
48155
41369
31229
15837
82127
60811
42026
63133
24664
17226
79875
68416
68265
39631
62692
33596
45535
11603
25828
18042
15000
66512
55196
23079
61106
68554
7227
89719
9368
49658
70474
15932
54994
33290
82604
20677
79677
69454
64973
42079
57414
97682
88624
47840
58411
52907
35932
81019
6093
16006
14584
30306
46444
36701
54667
88661
48599
55784
45215
97824
38665
59729
37553
58600
48258
30884
4164
21957
58973
66754
25098
92792
13660
89729
5114
48098
78577
16394
95610
70618
6451
56166
96815
89667
35209
98864
72305
2628
88477
85996
65180
95319
46653
42067
88588
10555
17811
94343
16001
31784
94862
58975
97286
12016
54539
46645
76502
83668
93618
81081
98989
73162
38687
59797
16494
73786
33743
51388
93810
87021
61487
78157
81894
15282
25166
39917
85342
28249
99319
59208
49
39964
9368
63314
60510
72851
41222
3021
57535
28542
74458
37853
5105
38144
86683
51437
68897
94149
86833
79543
23186
42982
23903
21257
92966
55322
44345
13413
39958
40532
55429
79176
24323
53914
23074
66178
69680
33723
84588
38061
29454
6195
28963
44377
72051
87197
37735
86305
24608
35460
98935
87777
90542
70951
1007
18698
33339
72986
46205
83296
21433
79751
83419
37334
28362
58043
63919
47702
91766
71981
32700
26754
5999
3583
12015
99525
85918
26306
78097
9371
26455
76905
99435
61486
82244
10260
12361
84662
40398
17260
67386
99686
21599
71363
22971
34692
19127
42406
14091
22742
75769
20202
28969
20131
84974
3431
16991
79942
77999
30188
78084
96413
71561
99320
15063
41369
24957
73911
20887
89371
42331
52284
33718
96246
88705
3601
20608
8095
27338
58250
33822
73554
4703
66806
89640
74061
71309
21416
59087
62939
58662
78388
70317
73546
13985
4011
8534
58340
44606
19695
72536
99740
93603
19856
79490
81319
87034
87238
54885
71153
7253
78436
58829
4018
69269
31462
42116
37679
11521
74718
86692
43459
88992
3345
22074
94990
20359
97140
10767
68597
44670
52450
45369
13835
57319
32951
11232
96675
53362
68866
40926
96188
90234
94054
74471
78740
10066
10764
83614
27142
57077
63623
91493
26865
84139
30803
48566
42897
61400
94124
4651
15842
19978
76751
77932
10781
93184
46184
18091
65067
21121
30041
7373
12853
50502
39910
36705
25762
8562
39940
30993
44555
51107
38007
42552
41530
73721
87405
47941
5515
7565
49015
54621
83138
11982
67316
45029
32416
41704
84374
46277
65580
3166
48224
92731
63849
93289
32793
87337
77387
35313
69169
94196
67840
34889
59433
64297
48045
83836
4572
74261
21477
10109
92477
52024
7905
72605
42940
99555
8930
76155
56932
45258
24749
76105
66744
77052
75622
41542
57844
46724
9765
42428
76433
26067
27571
76162
38537
92756
95630
3880
7589
28994
14581
9750
44251
62335
96058
81140
49801
92559
26906
32044
36878
81288
2379
98472
12250
93653
6719
47584
48690
56213
60697
25500
47032
35399
88040
76737
1996
55551
65066
38381
79671
52923
30028
39463
61210
87714
35056
50479
29802
55251
12565
689
10902
45805
89069
6799
12477
80883
9680
52867
80540
82558
49904
70530
9428
23094
32068
16936
53796
95172
50451
40817
78089
16807
78735
4441
61901
69577
10326
90771
44215
57962
58653
99460
45028
11687
15373
78015
40124
40207
86593
42466
93867
9886
6001
61457
20565
92779
96122
22534
79596
97102
22157
92742
29670
66574
18984
93459
23828
30780
60323
1803
341
31124
31588
26703
91916
48767
96321
55062
60519
10717
67590
56698
50911
64492
50205
97323
71256
50103
25312
50678
28545
25484
65637
3626
72874
54258
56847
10804
9926
50195
66458
66241
7591
37268
34751
42126
67199
68338
90576
92166
38027
93468
45138
21458
54132
48304
88157
64382
56700
55875
22176
39393
72449
85549
65931
21419
58940
52438
74516
70585
87666
73342
74183
38395
24723
95563
50111
23015
78916
55758
91575
76430
60888
53518
10570
83207
66341
20526
1621
48331
97410
48283
59299
90734
6001
86021
26081
64316
54469
78399
8813
60143
70083
53380
25868
52434
78069
35910
22769
17471
12296
22915
91168
35064
97312
56623
98491
15601
36357
58876
24610
46542
48254
2782
38853
44548
42595
20225
28964
95660
95749
64315
35618
50673
11283
9439
13209
46047
3045
77538
71939
59844
5721
43864
53808
87963
49554
11743
47628
33246
82952
66713
65271
5119
58413
77516
69125
85137
21765
18655
77881
13921
91774
53344
23756
20515
51843
36572
12965
27305
15281
83092
28429
11446
13411
4631
57922
89231
42201
82976
33595
6487
1600
25293
64044
66926
12764
59310
89100
80013
52303
77548
80034
7597
70840
21333
71944
76657
37408
96543
30999
28292
11533
52384
15586
22811
42247
46600
46087
89327
56544
69871
40255
502
29243
57032
3412
7808
46839
37186
65507
86751
56873
10033
33544
91148
51663
5043
19736
69829
31655
34540
73722
85893
54764
30676
42499
57590
85881
32945
9736
2997
94122
50083
50501
88814
11325
77938
91832
78253
49622
69314
24900
37896
45494
44783
36481
84462
38492
7245
39620
62075
98375
73010
22163
55936
94478
12225
8355
9036
30365
96080
18662
39390
95527
49114
54996
87656
75612
99101
92759
41698
30721
38605
19976
33378
11997
20131
21427
98606
35745
79901
48426
21815
14933
504
99122
39818
75699
236
2224
9027
24328
79273
37685
20574
84730
55127
78700
61219
10626
75661
3299
57150
96964
83614
51372
82472
37828
19363
65294
36801
84953
67227
39979
57254
46943
49085
38728
25013
48899
53907
39689
61018
71646
76765
75294
6134
54891
90100
50463
6816
73462
28411
9886
33567
19645
72042
69767
52375
3199
80177
86511
73826
74160
25132
94349
60806
85303
14930
49780
10528
79130
19571
94288
43799
92843
80720
67685
17100
35052
41668
83892
79772
67828
43718
11523
36568
93336
85068
93267
76022
65757
34345
16878
59964
65496
95619
94349
88025
16648
70893
28878
61590
38494
23059
13122
6210
2758
59320
53579
90963
13041
77084
14241
50442
18742
45954
55668
62460
30043
57005
877
63599
56434
6405
60628
61590
65827
77865
80420
28902
12388
54050
36877
15918
94891
21431
39223
56064
35280
10038
46836
39174
40760
22953
67753
62760
4768
47939
66345
57294
43621
12364
94561
41425
47556
38732
643
1595
35439
45954
65126
39301
68626
61962
60261
91296
62578
138
37154
90428
78461
12498
15580
39045
95900
60956
97069
58101
27280
48213
6095
68780
97256
95569
71296
24526
39707
73837
79309
96884
20178
69247
73954
96314
61311
98286
39250
44466
39570
20648
55927
19461
59077
17382
28959
94283
75200
51381
10393
52360
15573
45060
69291
39666
96828
66860
56600
52860
42924
709
99091
23354
64127
58694
74420
51067
81521
15469
75257
61308
40683
758
28662
78293
44066
128
18337
15689
71703
89807
71320
84450
9027
38356
41
46297
20921
88745
97025
37849
46511
70748
97994
99663
42839
49411
64877
53668
84479
9567
58495
53163
87185
38402
51672
99570
53936
31975
62710
30730
29957
63798
78287
58217
75613
92149
19124
28781
27457
51870
69164
6119
8764
69515
19714
69107
52939
55763
4143
89281
21961
12093
39447
63515
4045
54784
74674
64956
7705
47240
76121
99342
15847
55643
10766
2049
71164
89409
2224
15483
65580
12115
33077
95026
45343
11239
62994
62959
72367
52852
26348
3577
53196
68021
52693
60495
4092
93182
2833
72372
59751
93478
38687
11597
50635
81521
73579
37896
97243
73682
92427
84226
43313
18065
3497
36551
34960
14512
76183
31594
7615
80521
7778
93000
94792
27904
64329
43294
79454
26933
41569
75281
10171
68946
67881
56885
2000
62499
26744
86488
70603
31035
72699
58699
75740
12520
76764
72483
57885
8907
89341
61771
58276
15314
59465
95274
89970
48053
62756
9810
63254
91805
87634
86646
58496
18096
79476
35923
44185
65701
92936
72268
66909
69825
2149
32968
73205
10294
4071
18559
63216
96964
41317
22920
71994
58931
990
79612
82069
74378
69425
82727
9985
6953
91928
85630
78857
17411
75863
3915
3195
23475
86049
26558
27731
84144
87407
24559
46627
29327
4086
37370
10462
88923
58692
54176
9733
32477
22866
77693
67937
90015
6883
44914
16650
33410
83063
16685
58823
29514
33743
87782
47931
13266
36303
48485
16741
93548
25456
17676
97155
81671
79884
6124
95231
96481
18203
51077
8184
11519
37621
5911
11682
86153
72126
83552
78894
6235
860
56298
72869
21897
27457
50650
91831
25465
42405
76276
66294
6974
55401
77848
83846
36541
93616
74653
93667
28515
87294
38754
65462
72427
65927
81002
50868
33921
61414
69705
81255
86949
73623
42377
84452
90
45327
94288
24541
65592
14923
87063
68881
59444
24856
94459
72385
57118
69154
25126
23187
63890
9103
29506
87878
96993
40650
66425
90075
76205
23408
31064
20901
22892
4139
51524
74857
38910
37850
26633
7062
72288
63472
86594
47839
50687
96012
21879
41617
6606
17849
67962
61567
83057
83647
8025
44938
41829
74506
75788
98265
39790
47337
67794
90147
24899
74428
71834
41919
53394
67022
46829
74840
21581
64785
71688
21289
7868
77666
30462
17492
9367
39114
27149
28135
49964
80467
75312
60100
64603
21821
27280
17470
94794
31431
24644
33612
32610
46734
45211
72315
43283
62279
13667
66701
65292
69152
99564
77443
83264
70338
2533
65613
64729
15573
43161
84735
83441
11507
59169
82363
12209
47775
10927
54990
99
83652
12632
89305
4094
2329
98779
53434
61225
92548
65982
45383
82023
30220
14704
47142
59062
58952
93762
73111
44496
85143
58247
1740
32226
4090
47665
45770
68545
15124
73964
82856
44206
858
1614
36844
63697
43239
60883
6517
45810
22540
66800
59482
94614
39442
96894
67969
42967
6779
10940
65101
68619
48087
83190
17834
89684
36685
20577
8091
60822
9355
41795
99008
10152
62063
7971
55316
96027
41450
11448
56280
16593
8511
25007
43454
64505
41401
98835
4567
1976
97929
88638
14673
62249
44840
63625
2004
45563
6972
895
9934
32039
15225
91955
48411
12833
23343
74324
48934
62319
15083
38551
32171
82096
14076
44161
84357
84149
40200
32496
17093
49885
41931
77220
62396
8776
41566
57201
58474
37218
49374
41859
58689
30912
52828
86619
20848
3389
44295
160
64018
65988
53815
62974
74669
49232
58917
63174
72728
46668
53055
69454
8949
91800
97578
56
15386
96256
27938
91012
43167
93901
67901
38281
52707
81394
6959
52611
2055
72696
1510
87298
84711
67293
22120
73990
42947
15736
78699
96468
9584
26780
71187
60743
1211
87361
66390
19343
48592
58968
53353
84472
40957
78237
96739
82143
38216
89125
62458
72357
8680
65328
48272
37055
51268
24349
28190
7309
26019
46682
71371
53903
3636
14926
29743
773
18602
69802
73281
95573
10942
42170
83205
20284
57102
46154
83079
64488
2890
74006
41536
62757
41672
63492
54960
11739
36887
24785
87219
68922
31309
71323
78404
23637
50088
7860
47061
71457
77305
77938
26573
196
17703
92345
97357
40023
93951
4146
17604
77778
72701
15065
91009
84713
82168
68191
29582
38462
11935
71507
21629
43762
81435
3299
12621
48900
26677
85557
7161
31519
57693
61781
99422
575
80456
93307
61314
6213
71221
12583
78621
89032
43622
71938
9617
4068
92389
93537
93147
20730
70209
14009
12272
65704
85485
73556
97808
53742
83357
80144
52613
13871
44314
90362
9976
26964
74831
27417
86173
62017
63580
67423
44363
95117
61097
15817
68782
36732
68796
10482
73451
99592
79354
58779
23411
79125
23137
81785
45041
42966
20828
27655
3254
87631
44360
82944
2341
96728
40775
70338
61411
44767
66153
24488
18250
27023
97211
48819
5712
92897
83165
23809
27360
99011
32547
93306
1266
31851
31502
10360
6593
160
18290
57178
83699
21362
26188
7521
21847
68658
65823
66928
84269
17732
4206
65320
32032
28200
97692
63920
46948
17198
34168
65884
71215
9516
81734
26811
8632
94623
87769
63103
90727
84029
31887
35013
94038
57181
36969
42033
92935
11789
53509
69672
43660
35641
37427
38542
61077
73200
23954
42109
91636
10474
34182
77089
40608
90032
8765
48897
31226
68168
96253
77157
52018
73146
44188
24228
87278
9563
60447
65424
43798
91976
23822
60822
4847
2796
76687
48708
49993
35737
15129
59934
49809
77991
36462
57737
51417
49202
30095
16494
47121
69231
29146
35467
30552
51851
78584
1523
43401
88982
13517
7372
38474
59130
57872
5214
67226
56135
45234
44876
17649
28778
6309
15525
74886
67806
5621
9202
67153
58644
49277
77673
71094
80850
82255
99908
36298
58477
57222
93164
77595
50543
1976
86538
25965
91279
58360
78209
85269
39575
17658
77941
24836
58953
49439
94805
69312
31032
36033
24100
77897
15203
89051
81343
18826
96317
53428
18839
35545
47133
80718
30453
57774
42475
59429
83616
94029
75708
29122
8893
4219
35595
19282
23071
52082
84511
1506
54908
72410
63719
64296
99503
88312
39900
3677
29182
43138
93134
67554
2271
33461
14967
522
86900
55787
81153
37242
54839
55578
91265
80727
51554
1104
94562
67439
34923
67630
41810
14832
62963
55862
15326
71502
60450
41438
73934
74484
66982
16718
54861
35396
24095
25043
74461
36659
23330
20633
99843
10600
58788
49783
87993
47717
58477
39391
82757
36521
45251
96669
94692
14389
70298
91481
45006
51179
39612
56418
72179
46588
20566
72506
14000
85426
92023
49087
9180
1827
17136
31290
9152
38015
1046
66460
37639
29707
4510
88215
54486
49284
51410
63962
62773
17066
68633
64618
12490
66793
92552
70707
49020
3897
31322
93057
68046
13973
60134
14714
80571
17160
13970
18858
50715
4676
69217
54479
18460
84673
13979
67762
8191
91237
62962
32
14391
24617
77201
2923
87246
2002
27637
49010
49151
22962
50263
93606
36523
84721
6054
85752
10831
90652
26496
7528
96923
93579
16850
68830
71232
40280
82082
58264
2085
16815
32434
41965
30583
72844
55249
24217
87747
57462
6815
55660
68413
44237
10269
37385
52908
42214
91833
31526
76138
12839
57807
76092
35170
48994
37904
85045
15297
67436
27219
57984
76230
96341
95531
52053
38711
32960
61707
48637
30443
94818
63023
95654
84378
81697
70280
28184
36068
43628
51418
25418
32424
73100
77534
82047
35216
56644
59408
99428
94102
38510
44946
73981
72594
44116
5274
33922
67509
7431
65977
98938
28246
82673
27277
12420
27447
66387
6604
13607
2535
71947
95699
93554
64119
87067
91460
43680
46782
18326
69504
66504
20965
66571
30785
48384
24516
96443
78451
30335
32401
84166
40009
46291
42882
2967
62352
66685
40411
28231
42703
23578
96745
70492
30543
936
99212
33798
12140
27826
24856
59014
24835
92293
88276
53013
40138
6850
96464
21735
34633
39907
21919
93485
96955
40704
97372
96551
37378
19910
56888
8076
6279
27776
7479
62861
35202
87815
45153
11025
96955
86590
18647
72736
77734
25707
17809
69942
85282
42376
34781
73871
38958
61635
35676
84290
79128
94581
79669
93493
93469
39367
71838
7631
12481
42834
5714
18129
738
18056
70924
63150
48757
87963
26183
90651
88533
12666
43056
7732
79000
19601
29721
51925
34646
21618
12937
56209
86357
56832
20326
67918
95059
64981
14218
68992
95449
62106
82135
14709
76951
20800
48171
25799
51764
57900
94608
81602
70730
89499
31585
43848
82983
41550
35769
78418
79753
14438
28433
60164
96152
8728
52496
89123
21906
22552
74166
55557
56706
61459
48341
65245
15
14672
59263
38021
10133
87345
11606
38362
2757
46122
94529
50275
68611
20307
28954
6939
37638
83486
10961
16443
8767
39430
77688
50349
27405
73808
85936
78605
77774
57420
69138
81581
31185
74916
40259
69521
44685
69711
24359
48386
93788
48905
75073
73310
43269
95399
84089
59183
55030
51990
85243
76646
16434
14373
90859
90312
86189
20799
50444
2366
1766
50061
27338
21748
73005
66197
35558
78569
68788
97626
18238
99119
16382
23476
3023
91907
88768
66797
80737
31587
67096
25358
7013
53436
78394
34406
23833
56421
19673
40200
17745
37671
6361
11234
51016
45637
60938
38069
40824
15975
93676
32613
42846
37225
84783
90670
70970
27770
34633
79561
77709
31530
72841
91623
67010
56576
90163
56216
94244
10807
27766
69954
85173
63906
42710
76722
42315
89594
61530
51964
9582
47311
41248
22442
57956
22379
71704
70659
94333
10321
68743
31515
78348
72093
910
14496
33234
50475
3763
64356
38748
21733
75491
40004
37762
43056
78533
10948
63058
31365
48586
5865
76007
91280
86507
90953
35480
32330
95759
46060
85574
11527
48713
84750
15828
23417
31537
53536
60772
80385
72313
97296
73745
71545
81319
7462
21333
50538
61175
19401
80997
94
31530
15357
84081
6500
15881
21560
32358
49321
59545
81756
26534
14827
26222
68206
54011
58331
59683
40163
53057
73135
42725
85532
63971
41597
4114
17697
98952
63416
99853
86855
99239
48768
43005
1295
52474
54756
80411
59995
46704
46236
66246
15200
27698
51807
26727
96933
36829
71520
50506
98191
92590
49648
2649
13594
34046
20999
64072
38798
27103
95372
6267
90948
67279
98927
28617
7158
166
94000
87512
64905
94456
6141
65059
66746
54993
65132
88091
51319
55657
76761
43195
78882
76177
44220
38837
14005
42784
61351
34827
61933
81433
66914
71663
66801
76377
91053
85512
5004
97886
31554
43590
67785
14008
16386
46021
26579
27737
73281
15215
46134
19257
82136
70931
93000
67052
32900
96739
57
20540
54268
59375
23693
80406
4414
15216
88532
27524
18595
38862
361
74504
77552
77366
37768
65288
9086
20281
67818
39133
83658
41560
54774
95991
89217
21978
9363
98074
59392
42500
85343
7106
26194
87672
26289
30179
21997
36842
17385
46318
687
30609
95790
25371
937
70939
51827
69851
55056
37323
89072
48237
21995
69632
65444
86653
82853
67080
84722
13651
89015
58526
98608
50099
80449
43722
2722
11478
74688
87129
83417
88229
52712
84483
28322
22097
73599
1600
87904
58334
80798
36861
49393
55323
18536
46056
43866
8919
33694
48782
56166
43115
54904
28331
68039
21299
98515
71315
35476
80061
97666
92780
92944
47297
40371
4393
73054
65403
71010
4612
50901
49203
51383
89205
10297
16625
43988
10517
5419
6966
44514
96336
22235
63607
74570
93240
78841
83917
74473
58847
65193
18386
1599
62704
30927
39600
44221
89101
91396
91363
70357
17379
55537
24009
3226
97381
82172
17385
61558
99068
22702
28964
72719
73438
61802
3052
36756
84876
46410
46653
46967
99659
14262
18623
97995
25427
70266
98539
7774
58801
51806
21389
52498
30013
83939
18095
26186
27264
17521
11193
10918
6557
47663
28623
57250
14779
12242
94948
50655
38019
39911
44177
38986
98920
34547
77187
56207
56996
31732
84994
798
1424
6879
32462
66956
56271
36910
26702
26646
99965
82247
31317
12653
66045
54165
88784
68270
31826
24525
37614
27135
98047
59172
60826
6448
86912
3487
94603
38646
17289
53689
41441
36049
57802
17941
3163
20071
72929
44807
85730
90894
39856
68596
38969
96331
13412
77425
68103
99739
67464
61411
37622
17146
16440
81971
99514
21330
31687
15764
76069
91284
29241
15573
40064
56257
35982
44675
97558
66773
2136
65593
14721
78858
91309
42837
94267
57551
47688
47605
58866
69295
41799
56841
52898
59257
79036
57315
92137
78163
42757
70754
69335
64921
10794
93917
90968
26404
364
3404
21934
78259
36516
83226
26767
59552
35972
5380
81601
30066
41350
93557
48919
18579
10593
28670
93898
84851
85553
4417
45775
48752
24680
40264
91028
6498
28316
90290
97822
74075
35652
79749
68178
6376
14902
52915
93802
3764
11384
71694
352
57780
17257
59159
16767
66509
69521
57314
54832
250
76312
33468
28753
23928
50883
51945
97397
37031
75703
49378
55141
27628
39219
53795
28180
36162
87751
52829
33434
12434
82222
64597
37973
29804
28991
71532
5468
66819
13542
36669
30576
34574
91547
6267
77406
90264
37518
97659
77003
89790
69329
45406
40020
44787
63379
52868
65667
67298
527
18041
77057
23559
25361
98522
40205
97571
72226
89324
82162
60864
77575
95599
7150
14802
66263
93138
8676
68486
79128
42512
14070
76865
30872
20653
98555
34243
21331
64354
97481
66014
82818
57471
39382
3412
73854
88783
64315
59650
11870
46336
7029
40032
16946
2874
63426
44396
59872
71568
89690
93773
35242
29675
87086
78710
29356
92681
10702
6996
27604
13286
26290
96409
40501
3030
52125
39684
60548
76536
44384
64421
64904
33075
3035
49136
56063
14283
64299
68603
67614
83862
30558
47768
82672
44236
4422
71007
96591
10989
15952
85526
38964
65157
1103
98561
81316
72054
24223
90918
38424
86436
50725
204
71191
94682
55628
68630
91672
74120
8616
87643
44717
95030
4245
43531
82281
55638
87051
60621
88137
85378
88157
25843
19603
71223
5211
64456
48272
22074
80324
28961
14406
3765
63458
79411
91043
44173
15053
42465
83278
95354
32679
92558
80623
338
8365
28235
17956
69756
53622
36398
33811
46247
65296
18991
2905
44331
93478
70432
21865
64799
37598
29789
35196
73593
85730
57931
99599
67070
33800
44048
18934
19026
25389
81287
16152
37480
49312
94081
29
34854
71304
63799
62276
59683
20781
28147
96489
10144
98977
5489
21732
71412
22643
88147
76642
54153
43999
42592
43414
51838
1961
2593
7154
32528
68733
53832
39930
68834
12507
7310
1126
99256
77895
12011
89937
77791
62967
58338
6363
98255
92123
6657
53112
32547
72241
689
71050
21533
50344
83664
78120
58451
27723
17347
37216
53396
65069
11220
113
80675
74687
55577
95921
86733
52303
74692
82857
50382
65373
27783
70257
64078
2159
43346
60625
70415
48199
54877
17772
16636
93720
37938
98576
46524
50319
80791
2893
45420
43637
58747
56614
47166
62774
16393
62904
98447
39527
29684
70326
68507
55271
99970
9525
60171
16632
88170
27017
83947
50754
74995
24347
31353
96919
90080
40031
53014
53019
60949
29630
59409
29034
43516
81624
49667
55496
71878
89640
6407
18439
77276
41911
70635
12566
34789
33673
99607
69531
78299
82891
97791
96096
77273
78927
65786
24860
92380
47412
20339
95970
6298
88629
30805
78652
64120
34900
30725
14737
66860
13135
44775
36674
96742
37922
79505
90365
48028
75176
10167
24757
18905
43745
91435
15680
30633
57366
2034
54018
57830
97511
98624
37685
73104
21448
77752
86638
40313
56630
41825
56181
6656
23482
1662
19126
41302
69352
14457
32614
20561
3802
85989
8589
13622
60979
48468
34001
82182
61222
71944
75501
93103
30791
93173
17676
89743
11575
57495
34125
41604
59545
91746
9957
89322
92224
13183
50109
38054
51994
38055
26615
64168
29517
56312
20442
78330
60402
48042
32559
61573
88623
38763
42411
37614
11584
80496
4145
59357
15259
42690
53776
23535
38969
67866
74699
74104
6548
44909
1580
19068
3189
62113
68222
25756
19460
79021
97538
6830
18400
89694
3366
73144
24632
87713
90494
49827
52172
74030
62497
84028
83467
933
82235
56823
3383
37362
83529
32879
75781
55530
24549
21413
28703
33535
52147
12864
47152
37849
93882
54267
34521
15353
77367
48926
76704
60211
9166
12427
33177
47493
50997
74947
78427
96873
37030
37306
26946
97211
30821
7067
21994
35852
28410
24622
6733
24393
41424
87439
5542
45494
6154
75583
97891
81634
92747
48628
46656
86555
55648
91959
3258
63672
45577
44033
95125
76730
1915
75228
49436
78024
25133
65707
35935
91396
7899
84303
44731
81798
27764
93850
56029
43775
87277
59167
8707
57058
24973
53448
8578
67579
5989
74762
91775
82749
27068
39879
29373
40104
94317
98939
81307
64602
78148
30065
47583
19481
19748
40834
66035
6617
67357
43637
76941
99309
13801
84777
93183
68558
73126
16791
76824
42288
47243
45541
61868
16614
75216
34902
86134
551
78852
74104
57386
58002
95680
95020
19594
87013
67550
60705
13455
36720
24178
60573
59365
69332
27176
11617
71506
92919
88854
23688
51253
65991
32008
87470
56341
91584
78561
20186
52356
85772
83691
36987
17065
91173
66061
97823
80797
53523
16110
90599
23026
95714
16212
38868
29364
98040
18387
24748
99932
20321
40455
78613
31083
3766
41980
58690
50765
47557
51180
48494
93980
1916
17912
12568
55073
7814
10864
26568
7007
9681
36936
93593
82004
89793
36635
90615
83981
69365
45502
7766
53444
93491
93937
6876
498
2875
53231
89063
96133
10698
30799
72846
10365
51973
44158
65703
68934
74455
86928
95285
56881
48546
38390
28574
94312
47854
93560
56613
64936
16337
56690
9900
57354
43298
91847
92298
66116
28279
93495
8820
72597
91393
17500
45512
49631
68265
15306
51250
79448
69418
80358
22756
1264
11780
4587
44889
56434
17469
68854
82580
68474
23587
18515
79351
21219
87620
30727
69621
44133
24842
50837
71101
80362
18533
25019
82148
28159
65026
34196
70399
23262
20276
42840
69422
28487
16226
62487
39863
21036
98804
57552
18934
34984
96383
64806
1599
35406
94140
39134
9059
29000
53217
83297
67088
29298
21929
80218
11118
25296
26986
38763
33975
25245
82203
99654
20357
76774
74242
61513
11302
34320
17808
3450
81865
28933
8223
63067
49778
62052
82580
60513
17398
82780
51632
94389
19973
93482
99745
79678
76613
26860
74491
55244
26947
84784
46457
1611
41839
96832
82900
8560
72920
49031
3947
72455
59046
61009
40066
82649
26009
33300
46436
15472
14904
88639
51027
34363
21935
23290
19557
99491
74609
34577
75535
45321
81089
8135
40875
84414
30685
39724
18471
89406
53833
32060
46025
30335
58663
54665
90952
67530
87464
89133
57416
35577
12554
15515
94744
76527
24437
37820
74699
85390
93475
39061
46417
62767
72958
4536
65963
17280
19080
65176
95264
14749
1714
10810
77050
71277
9439
75802
88012
25396
97310
67430
45076
82702
97975
37115
38898
65484
49107
75769
4797
92383
89315
36601
47275
27181
73289
17014
48908
97232
51403
21292
97069
53661
70617
21806
14873
54538
58950
65765
53497
94737
44513
13001
10988
97156
27179
68045
54710
27623
57456
81278
61751
92780
46515
71146
95419
48832
42209
64433
93672
76234
71565
6893
53411
21048
78621
58264
68073
95767
91333
96149
93144
27291
64496
15599
53149
30301
31654
9141
21725
72696
39769
46688
6723
67215
76268
45731
10277
38364
39962
8124
4195
63693
525
16367
5604
29047
86523
37217
88813
2958
88354
12871
84371
1833
89757
2644
70957
15567
27224
49629
92153
52161
58563
17335
89373
3379
95370
15950
90231
49720
2573
18749
47065
47186
4977
1786
92301
6854
84210
35231
83615
19098
33550
10513
99877
50655
91746
52587
14306
98244
20774
46523
79888
47370
54965
25586
70668
6717
74684
74719
65268
16574
78956
59338
78235
74411
57640
96119
13244
11868
56594
30368
93101
14624
3491
93550
31399
74179
91088
27082
44730
1555
89086
26075
8554
9851
68205
84166
35308
82108
78557
5421
20830
14776
59512
37955
10085
66645
76050
84986
80565
77763
63927
9586
31806
8172
12278
45794
83461
32687
50288
99821
86004
51185
91269
5773
45947
21831
80603
4078
98238
9097
4209
3988
25269
82848
74019
19876
13758
40563
90219
78202
32073
1649
18145
9029
63064
31060
81025
37648
78237
41400
56055
42726
3821
97300
7764
36413
71320
77986
37053
70505
28355
42406
79450
70331
90466
59881
763
89164
23344
48832
80420
77686
98555
84133
14633
30022
94539
85699
79844
93889
51535
25991
15430
71693
27972
99164
45309
82238
91939
57449
40189
89686
58408
24911
25324
92481
3486
80187
79961
28001
26536
54123
70892
14868
74135
73153
9605
70714
30769
69394
74143
8036
93454
75608
97652
55536
5395
44545
96020
61698
93305
27587
98313
94637
39638
61132
77089
70025
86456
30820
18782
47279
85086
42623
33148
73791
50557
89833
7531
71780
49046
13105
33582
32425
87146
8775
21475
24501
66197
57263
20383
47157
33276
98676
21937
31342
40540
72745
44427
77864
36017
43017
97530
82261
38523
78466
66922
71026
84988
29204
73725
10515
14421
16716
28422
81190
51823
68468
71852
21138
78689
59543
82644
49844
27273
15093
37293
93508
79253
9008
90640
823
51476
15718
89323
13271
5721
14809
93338
82503
71773
48913
81619
99127
48742
14180
55211
2033
82773
91295
62498
33412
92516
53632
70247
93052
93511
68111
40213
57727
52502
54295
21219
23314
44848
37857
76095
69792
3183
31442
8670
90192
89696
14390
15707
21716
28029
36250
20745
68833
59274
31448
9646
58272
20363
47212
13254
53172
34215
6948
14530
47202
84361
83416
40646
10267
44623
86147
73670
12554
56610
36951
41843
70190
68825
68645
6161
76413
67479
99456
14026
96707
48965
56078
4749
28201
69895
26215
67940
94787
93166
38986
342
30647
95393
84159
84267
71575
40676
47479
87386
81925
95406
53553
87653
62341
3326
8443
62369
10694
24156
90495
74947
4399
54320
46949
3921
16057
96967
71417
59408
34299
838
68629
35137
35129
65581
25947
60731
96060
95420
16833
51044
23546
91423
59754
32542
80067
53218
32408
98165
91834
60777
38593
42555
85395
9283
72134
29081
73503
89565
69985
66294
29397
60010
25365
50934
63056
15685
54009
95553
28574
74126
77829
71481
22044
76697
1910
51905
2332
21611
9993
3059
98197
16321
79502
25794
72288
52477
32401
6434
51250
95742
93596
36651
16647
31518
74391
60234
49094
48765
52797
41710
3290
87134
11296
95247
3678
58633
51744
61019
86753
5313
3270
19346
9228
58206
18325
16005
72022
22409
30603
4901
86211
89076
9751
80123
29923
15264
62677
63366
29198
54181
48818
92385
73943
69231
139
44706
95167
96294
75986
81721
31929
91740
9545
86268
34041
17976
69603
90063
63068
61935
36881
68680
48915
41666
75339
19604
2567
39649
91203
80967
33192
73353
39187
50817
21388
15778
61287
56520
56425
68931
82399
51576
49798
97935
19924
63171
82202
30976
64695
32014
38351
10780
55091
21356
47422
25471
2395
35788
3333
7112
33519
12269
81803
96059
25590
73893
24551
77295
86894
87620
9059
87931
74083
15505
76949
83897
98963
44090
8094
54987
8729
13007
9203
22159
90642
87689
529
14838
18996
64005
91773
12245
76535
26861
6969
41652
69493
37529
10102
62964
36095
313
90809
14652
29011
63680
13195
2147
14286
45647
91786
93491
50439
27634
85363
74154
66707
20854
28203
82257
5355
36478
13377
19277
62850
93312
71022
22355
94828
11193
88247
81693
52349
60084
39398
49009
84232
95732
63624
32468
36246
23995
63720
4377
86550
28366
61187
15263
24807
52125
1791
67674
45906
64162
26181
32747
38795
50304
34562
50398
30142
59715
45557
75921
16473
9755
88869
36818
54552
65096
16302
22157
32786
91302
85700
26733
58298
17508
11409
81961
15594
81832
1667
70550
88768
2894
32954
67267
59585
59620
4375
59365
55288
58790
35823
90916
13320
98596
80759
50287
2609
80668
57315
79349
22889
52353
83644
3417
25675
1014
43865
92558
37861
10084
71612
92777
24989
36088
85229
65014
99706
10701
18202
99705
79687
77755
54017
21815
27989
30585
26328
92355
90162
47708
56556
45540
40194
82638
18172
19745
26617
57319
52448
47037
49590
94115
77491
81098
24632
14634
92287
89449
76143
14380
11607
20110
82441
89576
71889
829
39456
82012
60602
94589
6124
2565
21700
6861
57450
21224
36812
50885
36749
61778
24696
50594
95926
35908
70530
36378
74489
69204
22639
5996
27028
80103
9661
25345
34754
6060
2466
18384
70549
81320
80562
30805
67849
97627
84447
75906
85148
82706
12931
88717
71711
46602
76577
75046
7034
19019
10107
13093
49955
74848
13718
31166
67434
36855
41367
55756
83723
87579
19929
62950
8969
52872
51814
95289
39909
77612
48903
61003
18117
89847
45288
28053
44051
39392
75147
53282
31075
26496
40995
8406
36442
74456
32789
45453
14901
37896
81490
63683
45420
15087
53938
26586
21849
29656
87740
38842
29065
4150
19060
29279
405
94219
54605
44971
91801
72884
27367
36941
69646
11657
54071
90596
74680
47686
70755
48836
9733
28888
1581
43235
49715
76195
63508
24421
7824
58991
52045
20345
90116
5984
32452
10395
29319
12156
80636
66517
60125
57677
56323
34517
6502
68609
29224
51662
60332
20815
15530
83592
47283
90680
92316
77190
63642
64111
53299
58817
32872
18606
43407
26844
48120
41148
8581
89394
61165
47388
42140
72523
3954
30964
18856
74283
53919
61478
1848
60085
13698
54412
26915
823
83901
60542
34359
34901
35577
51894
304
59954
83232
81666
87923
87749
41170
61600
38159
19319
98014
34330
66197
19456
47322
78807
56078
47755
43213
88593
24641
72440
67515
68854
44690
15054
54953
34077
17192
62004
70180
95212
31423
59033
73344
81521
5156
27104
11183
43481
51851
11445
64390
31838
54149
72016
43448
2563
48971
67462
45257
90340
58257
48906
69429
55733
19035
59305
93340
2214
40874
80445
99308
19582
54698
78529
77296
26475
28232
5776
85579
70378
53762
18624
3592
40529
41638
41258
2193
23336
43683
46210
25697
30053
18014
962
19335
27858
53548
7260
66773
43742
27368
10341
22981
62794
49686
89951
82340
86658
56646
38779
92343
51492
34768
83353
71765
13347
85676
20247
78834
6728
64496
39808
4762
77907
64140
69347
21649
21955
21605
33076
90872
17040
81788
69528
53583
61257
30834
12177
87705
98822
75404
18056
9775
7019
1347
16617
35027
7978
61933
96026
22688
25787
88215
41413
45034
55782
1173
97032
57843
82723
32160
47083
78505
33908
27406
18201
90499
11282
52629
78062
80550
42003
29136
2681
90550
51554
78155
332
39002
12219
3312
49976
59370
35113
96587
73676
65746
13220
53602
65572
11123
49446
5894
88041
6695
11977
23312
13954
29938
5046
30431
32955
57570
79065
87658
86260
17587
83022
96992
28329
9934
77186
61877
64635
11159
96276
84567
51012
81360
81110
48318
72540
95054
98003
84558
11610
67150
86977
80705
63232
97756
18723
6032
45429
59326
31539
87782
34951
19457
88012
32238
21159
41643
73596
64754
27414
42188
5376
37676
94519
55927
42638
65140
20727
21223
81136
68707
24285
1128
16628
88293
34226
96950
87719
52183
13411
46544
39365
15619
45717
12295
15784
90340
20919
28231
52963
72772
29530
87199
95908
17988
25621
31697
96651
91403
80554
62626
23446
58846
69205
96588
60053
23673
57132
44046
43728
77932
97240
22080
45695
30942
70869
25394
49359
78384
56409
84112
8755
90662
4593
60666
99834
80730
6586
31444
65565
67613
13872
20950
89782
47563
77210
86532
75622
91412
94032
92832
61136
64791
95181
4888
64760
12010
58388
89176
49047
77416
65354
97787
68296
82817
79572
37377
53634
56134
46574
89159
79865
33987
20056
9179
39454
67958
31255
24134
88150
82895
59043
34030
64967
37289
34001
16454
78970
27390
36685
89508
24210
89968
66605
6760
5482
21090
37473
35703
93975
39766
91185
58148
2926
13798
42294
69881
59123
66280
84694
80761
58360
61165
13577
90802
47590
44923
73189
37393
20990
69563
73110
49258
8359
61988
44402
75037
84727
64609
93287
7197
7934
80741
90678
62121
78435
14820
60890
17936
62547
36054
1798
6535
68157
22422
45453
79635
17936
83009
72013
2130
30850
96033
66609
79657
83941
3672
11383
33949
80440
70480
11575
67721
58881
57278
29499
34323
55147
6534
65617
56014
50081
56292
32148
5478
75660
9286
88103
83657
35967
30608
9843
29652
86637
94985
25473
95723
17756
24709
67989
72188
3621
6403
66663
23447
83039
13908
38306
55252
16445
47686
63301
28711
71228
58544
91771
44469
45008
32395
45417
27507
15174
17276
5949
87781
29268
451
23545
73838
70606
40937
20755
28573
75367
67428
51709
21410
65010
52525
49544
10539
87379
73643
62480
31119
96968
93464
45563
81113
34736
93967
84700
75455
29929
20695
75991
82161
88590
97236
59018
91110
97132
73623
75056
37965
79071
49893
76748
59466
62132
68599
47445
67619
87334
22535
76816
15176
25129
1808
87390
1562
32184
9570
11613
5984
8486
82053
11240
50538
69330
94530
99523
18607
21664
22669
31314
99189
83599
4914
1562
65838
97560
31552
5398
52370
77405
68497
16818
75057
59186
18922
37429
37817
68923
77497
93944
66921
88966
30581
12648
88988
45390
99141
56358
52534
3203
70164
44827
53614
85208
43805
998
19464
91097
28799
93830
76496
16391
96406
31381
93156
40182
76785
71428
26519
3305
59443
23033
57635
86931
59100
12658
6049
57550
94392
79977
41670
29465
70665
40703
63835
5409
69372
30503
7914
19574
14613
76509
51829
55816
284
70538
38645
85596
56398
90050
71163
24410
34195
45974
44718
87691
44554
74955
47497
70056
92491
98199
47432
67809
82085
82094
91427
12536
42944
8383
47840
89911
71652
89560
7947
53357
51287
86637
22023
88732
28591
10194
56340
51037
72607
1426
49880
25886
17708
82250
46312
85752
41492
39582
45794
25632
75012
64526
29986
51237
60909
65395
45534
10663
20688
39133
34904
30330
97167
69630
40258
20435
8552
49062
96895
90261
99824
803
29082
93658
27402
9229
72797
44079
84074
94496
22295
8570
78503
20896
49118
66546
78021
28709
72196
3609
576
22016
3627
5352
68895
78043
49080
73018
94112
92422
22498
91418
79663
4457
61721
75557
8454
83378
48161
97120
49159
85073
94062
85300
21663
85200
91966
94253
68216
50516
71226
84129
16202
48872
53781
50779
9276
8860
6649
69560
52076
65878
9697
71565
85756
77243
50416
77809
4954
98881
85015
21584
59296
89811
73786
29547
12228
52664
69461
39557
82022
21417
13818
65824
94693
3019
15545
4949
4684
56772
80885
7999
84085
4306
21914
74722
11653
22511
5608
84311
16430
69511
7451
61594
74832
93365
39809
21681
84177
57072
48637
55323
51401
46990
99716
6036
59081
24401
31265
47272
51418
13465
51193
18733
92768
81163
30234
19853
56000
34249
45839
33794
81177
15611
43981
23768
3255
95617
6864
65315
48346
32481
38154
54014
50548
69181
26540
83251
62810
81514
72809
76080
44502
77370
61338
80164
10276
91546
21525
353
52786
82245
45469
33750
34602
2674
76772
64923
12979
17564
5986
71012
3064
40534
12113
11600
47012
89052
52710
86499
76362
80294
81331
95457
80384
28670
48431
64079
56753
71311
6593
17993
13357
84472
71954
76212
70266
5520
74482
85540
12520
81024
67125
59169
3997
10902
7048
93086
48907
77735
13632
90000
86892
85747
77505
83710
34134
79701
98121
31220
32696
54672
16000
3981
87037
14619
60602
13887
91466
82301
73536
46570
81425
31584
36773
85917
55554
71534
34413
73215
95577
40430
4798
31175
88336
8093
29915
15665
92217
33431
54436
7810
41729
3734
24495
99682
26588
8061
16643
84336
56132
62316
20928
15996
48301
45497
51702
63017
62871
96606
91299
34592
37061
35321
6553
75818
62034
33970
9588
22261
56627
79230
23838
26011
1528
98927
69513
28999
93756
67783
30191
58509
84389
34095
88517
51559
9164
97728
57469
11541
1637
83549
75819
92372
78167
88641
64132
87154
35473
60730
45264
85534
18516
65353
67166
11049
64114
10346
53262
70958
87927
27962
72370
60379
78055
38446
3164
5108
21157
2430
47845
62937
41024
81851
80082
87405
3332
53734
39948
92670
699
44519
48885
34117
20831
10096
36369
4951
10789
61567
21459
47991
80913
53938
35964
60644
98124
13534
26647
23972
21165
19547
40361
84457
44042
39545
98702
93237
84139
86537
27431
85688
76220
41183
87225
85233
14365
57747
67396
52257
67118
12399
63526
69194
59251
4054
96121
94559
61469
39679
44772
1643
22412
45225
61172
48830
57091
78332
16754
32253
19374
89060
38733
92591
42269
42501
6022
7255
13689
53304
61003
66136
85376
19007
84770
76687
18120
46872
5811
94602
62424
14899
59670
19083
43613
54701
69253
74020
21912
61096
54364
66801
10755
92564
51026
30525
70466
14130
74080
13152
94590
30172
92658
98930
24978
76668
85990
62409
54833
9226
57300
912
76067
86197
76664
95800
50038
43130
93854
72901
43243
29034
91082
77090
94105
37320
99024
68929
91917
83841
75990
20578
93668
80528
59963
69787
99871
22981
51692
48861
9680
51651
52367
24202
3685
55705
73499
12934
72930
26257
12757
44953
99302
85718
46447
59452
4528
1365
30783
42034
58558
23481
86131
93299
17192
94375
75365
46129
32269
93303
58669
78558
26406
99585
59269
5380
75828
76487
52925
36475
15822
18538
1525
76920
89557
15354
65165
27042
54529
33332
99763
47810
10608
52674
16183
80344
65956
11245
72457
7857
40258
39682
82295
43986
98526
32273
65342
99544
19815
71265
86628
26194
41481
95206
67699
46463
65410
90985
88267
84646
40234
96590
85304
74218
65829
20486
3481
33626
76669
19139
14160
37570
26868
30647
65586
99271
97564
47741
23826
37759
9591
25437
27032
18780
81558
98462
33509
45247
72557
95435
1804
50243
36639
7036
87423
50309
44157
29816
72375
15160
15357
66468
14097
12550
2376
83941
84686
39402
36850
22328
43524
59020
78614
93181
78672
71988
34226
684
71316
91033
71891
93086
99742
38533
12292
41407
73636
12163
76850
22244
934
62164
66543
10234
35119
55955
86200
1639
88851
22129
13091
82028
3206
86906
70913
84683
50472
95906
88692
88016
33272
87185
29651
3007
74580
19681
12803
86817
54893
88960
62535
7974
71475
7991
48939
54495
60652
61308
98118
64555
51112
68273
53043
69672
65800
1347
18068
2590
56762
43250
88196
51338
52689
1571
9021
91843
84025
98816
69614
5679
51079
62463
3421
92870
4695
60240
90335
50479
39468
83941
48299
44691
19207
70960
85198
60970
28794
2813
43589
97108
97856
6374
53226
79050
18552
31803
3672
22079
39894
76837
5319
85047
45541
81799
68505
88591
63955
17156
37784
62468
40689
11940
24063
71650
23555
21398
94006
96447
55986
3750
97923
29694
72363
45617
89684
45507
96643
87428
97549
70990
22621
21862
57010
95800
62041
31070
51523
77208
83889
79929
52753
67544
77996
61345
61709
38146
61820
17565
33263
26523
5144
72034
86687
93614
51220
58087
4910
40030
67813
88959
76657
33591
25476
66985
65129
92493
7442
82256
72509
75364
8616
40625
21427
27633
37532
20001
14530
87123
52717
74477
51755
51078
14810
53373
8767
45385
54523
88605
69965
26478
27086
83497
88791
62319
62173
72583
38067
89445
40123
17779
31118
11153
23541
10296
40441
48099
73685
59314
66225
57627
73789
38217
87506
1923
29426
95384
9127
70302
48518
81931
68168
4810
37094
98771
63055
55209
26522
64640
77076
9758
31843
9772
70765
54765
46707
33079
49937
68636
56044
81596
84796
41191
83772
77907
74142
23810
76076
47588
67822
50603
19863
56038
88753
80498
8484
85670
18054
70466
88296
57421
42826
79882
55916
20327
12375
59847
56293
71339
77468
68854
96283
18984
30789
9450
49928
82840
6564
30005
7430
64651
91407
5123
55594
55851
899
97551
15096
89354
54235
18049
26495
51661
20797
38689
67484
14689
32011
83325
64439
41262
81125
66678
48229
37139
96925
31729
29634
88799
10686
65789
5161
63214
4267
66020
62490
341
69697
60465
28447
79099
19364
47846
91624
58232
30435
42292
7083
3735
68245
55824
76017
88022
65355
92179
8122
77068
26586
65956
49457
77550
13560
23243
278
22751
50360
56681
9992
52238
18771
21666
60895
15586
11485
98491
15075
29321
46370
76243
86319
77893
79873
51973
17757
10079
8708
66655
55235
96471
41337
54827
93355
51447
18129
31085
19154
98594
23464
29963
86177
37596
69390
78961
17571
25500
41562
1525
47340
10828
81918
71187
82499
88910
25582
32083
33736
21194
44716
45029
78032
50935
8012
76190
28519
18170
43169
79530
99628
44854
79803
30451
94332
59787
59414
76617
75072
17167
70571
80999
34688
18092
72356
149
46236
87996
93223
63873
42330
98788
18026
34722
40151
35102
65625
9944
80595
24176
65298
8175
1688
33103
63823
67472
78415
96595
6600
71790
98362
45383
4683
92744
43403
28396
8825
76513
6885
48113
37966
65339
70481
29944
79740
33890
57536
9066
90485
30798
96130
12540
9648
58933
76831
65396
84108
77982
21368
19339
89596
14751
16524
17808
35357
59976
30913
19112
11845
61891
61464
19911
47136
12355
11528
19850
22697
59313
95403
87208
20213
8576
6432
99461
63946
70546
2535
62875
48654
93715
26473
20770
29165
25949
33032
35812
15994
88510
41187
69412
17914
20321
63559
70504
44761
82735
45829
57363
33904
96657
72156
85528
5873
89734
86412
31892
21348
60968
56847
96246
76418
52836
59540
73472
40073
39516
38374
93212
713
74793
40787
5296
76396
5951
86465
32130
39655
74690
46680
70029
25671
77332
65834
60968
93230
52123
44589
21618
4957
85715
23229
49790
7233
63664
97312
24011
67225
42781
49968
82875
36846
83795
70609
66746
96750
76267
63877
84227
23541
5138
23739
92247
4570
13224
97849
80480
69646
13299
33005
22644
26708
78372
65108
95051
52189
54347
57473
8380
17566
72917
94496
35235
45112
17715
48604
67151
28965
21584
12976
82151
51802
35953
66115
81928
91272
31808
7934
9134
44312
68958
36724
17892
2645
57671
36652
37277
39415
63501
3380
33821
40760
88597
90503
40356
48668
35519
11088
26735
33589
9356
4951
15137
1987
80595
92688
5988
63562
99648
2382
14342
96922
43160
51419
38330
9601
68998
83699
57186
4130
40199
370
9482
70452
6870
35151
29424
95561
62843
34892
14125
49850
91398
45954
5316
37623
29025
74696
57048
24098
41441
79200
6421
77329
76859
29278
85616
5565
83261
33758
9788
12557
88648
74334
75261
47798
78786
57552
37589
93772
85046
49578
66534
9278
85330
41376
43660
41654
96083
63760
83901
50120
49091
47232
95769
52370
650
78079
48784
93010
74881
87833
95440
92014
38141
66316
56969
96302
94899
29999
27355
85627
40698
2556
74818
61640
52488
24858
99454
50339
15038
93707
71098
70929
84427
59573
46988
9653
64422
93964
20761
66791
3832
75494
75914
64496
68385
5538
94840
24738
26572
81748
64064
6394
50669
19283
64554
50786
91030
85737
83688
68011
58500
61875
46587
87061
49027
13483
42597
39943
44183
76413
41971
80757
35967
97917
50932
50123
54973
48033
51003
67012
84047
96110
33079
78882
39243
68551
517
76073
32545
13645
29930
65556
2953
1975
9480
5646
78772
74384
85245
66112
98779
34782
87609
80616
77605
75392
81557
75294
10941
72161
84637
36562
51295
85137
97792
84924
83603
70369
82444
75138
88441
1926
3431
90619
92103
29464
17432
35094
26461
59066
22456
52784
46711
57249
78998
83090
99678
99180
99673
16994
39600
69818
57410
40122
6276
51230
21810
61122
7176
85125
43332
49236
99895
17312
21592
3129
56426
31071
18978
39019
51390
83126
37906
78899
25680
24859
87892
4366
99959
62855
79727
19912
49475
15004
55677
55435
62410
41809
65842
59698
26629
38210
83242
55904
69906
19484
46685
19615
24379
99841
85232
92405
86581
83779
7051
29201
77255
21293
65673
7714
56042
22961
95531
52377
5939
58175
84863
99706
45029
42255
19242
27285
62777
15986
97724
77622
45694
60924
66658
35329
75295
9917
91128
49350
1444
44336
79777
87446
44338
57237
43569
57686
27147
57352
55519
67878
45063
99318
22409
112
54641
52864
2417
17952
42332
82576
72152
31204
29671
33206
9831
65952
8244
26924
84561
56912
63321
84531
14941
73764
46096
81605
35848
65739
45704
88276
88983
20638
6845
18584
25429
82266
20880
99626
35401
77549
65802
24163
29869
59094
49387
93030
79798
39364
71452
36932
51347
32665
68807
47134
56797
12727
63562
57695
47498
93248
25192
80604
51164
83343
64354
67012
47587
59388
55067
31070
27205
35176
91875
42869
35316
75583
74475
6581
22254
38874
7706
86199
88983
91203
6276
42725
21918
95140
93912
4371
25962
23410
77178
95140
53309
48519
60876
26063
13667
83212
27412
20792
1008
72751
27092
79736
49313
83524
9187
90648
6079
70537
20119
42728
45322
20398
45987
45832
60867
6670
32993
65628
86789
12388
21868
13668
35113
60888
61980
8040
31945
99822
76929
5953
51650
45265
94755
98429
81315
45057
12861
68622
41727
81090
35329
2861
22662
85166
19347
32172
98369
30202
7209
93880
88936
14181
96487
72205
12200
3233
63452
98239
70632
59517
37990
25949
62402
39668
66661
89449
81515
34391
42807
34478
72100
96731
22398
819
76773
52475
53448
95091
8775
50001
37672
46877
5507
50426
51324
65872
16360
20343
70115
15662
15724
18819
62865
54585
76930
60179
31185
33043
21823
27253
99297
2453
29418
69499
49095
93575
3896
65473
91933
23742
90474
89438
62427
10878
61100
2167
75112
29412
182
96100
23250
90244
71536
11319
53620
59987
49558
6215
18868
78073
54941
58352
10570
16792
18920
68475
77741
41338
81909
92365
5196
60622
98579
51667
47925
97203
46771
74383
9324
34291
36123
19190
27246
52670
37722
1807
93600
97374
60080
84889
93050
61618
38061
3549
75737
44443
32280
73084
30666
67184
94511
94848
77999
51192
56244
50663
70124
89435
13543
6714
64617
50425
30283
72737
64007
47195
52659
15240
48846
92784
51533
86556
25986
26533
71107
64185
47386
82162
97225
20511
39040
84368
49366
84694
47675
80569
69237
91089
37745
68011
87607
14980
39129
49562
44046
13535
81368
77540
18063
13150
18171
94613
19318
74803
50414
5796
10987
6559
92935
7447
82330
98999
23264
66929
74450
13799
60069
45494
85141
54944
20439
20194
13511
16628
18495
97652
63746
29163
6619
93657
16827
29782
72322
84628
65959
42791
95931
28153
87530
7129
76284
86710
18256
63310
52852
3449
86764
49104
2034
61570
81267
63175
58859
37518
99293
49952
61616
79361
58126
75328
15395
18099
7882
44762
29396
73102
67879
22628
68292
96215
36487
50412
20242
93572
43502
41365
98310
65669
52808
79806
35549
80611
34314
61493
85290
61076
92115
22652
51683
35081
3985
35322
69961
41291
83862
1284
66369
67609
48871
85219
14247
46531
36392
37890
86702
26269
39987
58205
17898
32550
3625
9341
66902
46034
60195
81627
45802
73772
86500
88274
70861
35754
89245
68640
21903
62109
77432
28644
37057
88385
72124
33573
31844
57093
21974
91483
84665
88825
54166
65597
8384
1522
3372
8935
1329
8539
24448
37523
69451
89930
17581
41374
41936
20712
10900
48249
35678
5255
39106
80158
83412
39252
19746
53905
86402
30842
32878
45307
64570
33839
98276
32322
96635
20398
10017
38630
8980
93668
91517
6441
16131
48171
25907
72526
29335
64043
26381
9008
93184
78176
57820
63972
10041
25113
54072
64755
98030
27163
55510
39571
67951
88094
32323
12630
67929
36479
71380
4993
59454
54577
29040
44473
33927
77931
34605
59891
32875
895
83882
67737
25159
79574
59182
21893
5925
94590
72006
63994
58491
78058
13262
12539
40233
58271
68704
64112
73275
12517
67096
15801
47053
25149
2851
74651
20001
58586
4219
89696
49550
37715
93093
25664
99481
50998
5602
95900
60593
85823
61789
10587
88654
18059
60734
78844
38908
46419
12824
37339
74842
9552
56001
83233
69228
12114
97438
43600
37630
42859
16151
33163
52894
52040
1039
32958
51914
89242
60775
34575
12796
30512
52102
68196
57821
23907
12438
82776
58938
54603
64608
10516
9996
78513
46654
84601
17703
9740
80458
845
33108
50976
55543
78846
77924
63161
95063
3646
53099
30566
64912
62085
26657
48042
36334
44369
78404
95439
20334
65925
64954
37112
1288
656
7232
90308
80272
63327
39527
24848
34183
66239
93709
66821
29908
23861
3046
69913
69351
61428
74882
76199
50191
50387
78466
29070
44777
92878
10390
9810
55937
45215
91190
21001
50397
1630
58887
81970
20136
26270
21475
74696
29472
24135
52203
57326
12078
13893
88387
37968
65744
50029
12540
19275
36157
56664
14982
86139
67198
65080
37731
84627
34880
23557
32095
73244
85824
81888
85103
35248
90279
94929
1624
97619
31067
91695
11424
64012
57374
88418
62715
50986
52460
66991
65312
69616
31072
58413
13397
29200
39431
70241
3299
82799
66268
68742
25088
24219
89861
49062
75844
55030
81808
79388
33012
76268
55701
74233
4638
32600
28472
96297
78181
37619
84101
95921
49489
51439
77236
86681
50719
85156
29138
36000
94980
13348
94914
7771
97216
52135
23211
14274
4721
59368
90271
75363
55163
1454
53904
37252
64708
41310
37424
95670
22943
97496
42507
77818
30333
76022
26107
88840
34693
31122
47312
72340
52185
29288
72314
39018
25959
5676
77975
61394
6686
45756
32584
32200
47906
3793
9766
92278
46840
56961
41654
28943
90580
51967
56812
9357
55387
44577
79025
48560
88984
25982
176
76887
36806
95766
25608
47364
80747
23114
92396
37824
87339
98913
72448
13583
90738
34568
53211
97871
36819
21543
89292
18916
15902
49185
34101
91480
93696
34064
45530
90024
67972
41767
86184
50297
72912
30970
21738
64761
824
50957
46004
61815
59931
47279
31356
15583
50861
71351
40048
67439
80772
85184
74750
55609
54305
41234
279
84007
87701
15675
91002
55526
89554
56058
85990
54852
74793
65456
96390
9825
97025
49676
28067
40239
26355
55646
76616
18440
51294
91141
65662
96156
86514
62230
47707
68963
15925
73362
44590
4390
10315
44127
44168
22353
8004
72381
12434
86539
12756
67765
62960
95005
31919
44459
96287
70939
11262
63524
91681
16107
3427
35648
55941
7654
35930
97063
19716
11587
24479
9993
53843
24994
79030
45456
92482
72570
1303
52679
49682
32315
6869
17772
26080
34103
55531
85040
58630
84177
3009
80907
89666
65616
28952
41152
40643
49549
47602
14714
69349
20289
18952
64726
46383
59538
29434
52936
1415
61911
76697
94324
503
53132
41378
36429
97824
66831
60997
12646
92895
582
32371
40900
32889
23871
39247
43472
61700
40341
99084
61038
81118
72514
45211
86633
31307
68331
69995
44529
70531
56532
87100
11346
49639
31944
27340
4150
45695
43678
97315
16619
92085
46681
19233
43456
47947
79594
1126
23530
63460
47146
61971
14984
19771
33951
35200
98052
32209
6618
8971
9761
69049
95218
2443
70723
70650
94442
4985
97813
34615
32036
81736
74520
7763
50291
52369
23214
39756
22482
86542
92152
17880
93281
5668
18088
65675
92263
22707
57320
35152
10304
98922
74089
60564
67284
96152
44060
89857
18702
71008
44051
35403
30057
5446
61332
17544
93716
16663
98956
72937
26297
96965
93612
4520
6414
6634
94141
68393
79612
36613
64725
17325
85900
97820
80855
17902
83668
77451
83944
65545
16474
18927
67289
48252
66692
31888
20880
58072
9157
74513
23290
46881
27392
58114
57153
91247
17739
15094
33139
77410
28365
32250
42180
20258
50197
77583
45067
35485
5422
21795
73544
53349
16327
84854
6338
33847
64915
54195
90646
46983
43737
86872
47674
60481
83763
73198
39497
22883
91772
54601
93001
91730
69289
55939
44385
5827
25123
75375
60088
37266
57948
53494
83811
51933
98439
24044
17772
65272
34777
68823
93340
79434
22306
3191
76555
3663
86702
64395
68222
32439
97363
36688
22855
28621
14430
88970
79753
89694
91966
82241
5739
73644
44596
71449
3162
74467
35866
19178
13448
80251
68934
78407
26993
15294
29533
28515
70190
29825
12600
69481
63676
81676
23088
2767
56178
95191
77214
92305
29325
18311
7840
22465
62636
63990
35950
71439
36541
66301
21155
64323
14834
80476
27815
67983
20859
45340
61704
49506
70440
58391
44727
53954
1948
59804
15166
32616
28476
7800
30409
41606
42588
78888
93592
66382
48524
25948
4757
60671
74895
2259
68393
36986
24540
34053
71856
14674
24806
3282
37622
13691
54514
35830
82525
77111
69423
13212
17716
40898
69523
55445
98097
44544
9772
30360
60720
90690
65806
14241
19771
39943
886
19629
75335
32263
24158
75758
44158
7175
4825
63966
89283
85189
54598
5430
80497
99957
26924
60257
73892
95016
45367
10637
29317
27081
51532
70364
94206
95190
50681
14476
76264
56551
81363
8769
89078
29638
91376
69683
32467
90380
65703
7936
6830
81360
3905
70115
44130
46283
8297
47421
79996
86843
49366
89871
21447
22341
26835
72068
60568
86542
21056
51852
11559
31480
55777
9220
86732
74847
4092
25874
48888
61466
69460
5230
86704
53539
90778
50665
66214
71119
7453
47164
77889
48982
43930
44058
54751
95490
95833
69127
12047
41136
14539
90953
80806
7805
49
45618
51107
98820
96722
79417
92601
15605
4937
70642
34404
87710
16345
56513
56159
13792
12719
15243
49509
14313
88606
52122
69373
43361
46741
52475
64471
47561
14123
11887
33443
68445
30573
65586
71531
9524
77159
70950
36662
58430
18867
78601
85830
39837
30398
99035
45649
36583
5471
32344
40138
62152
35285
67946
3309
8194
51225
63192
14809
22700
31763
91848
85890
1406
49117
44383
64969
10246
59866
81783
84559
71513
7941
65299
30851
45113
79592
69195
74247
10482
76307
93949
53054
47304
51528
54198
47284
50002
10603
13653
35176
91947
29360
50375
74107
94952
2588
65817
81248
97550
9732
45691
48306
43491
49688
12819
74676
6846
93322
57352
41184
67630
40663
37098
75646
91542
21544
91482
20003
9701
35741
85279
31770
18343
91613
8501
82363
86673
33393
69013
37544
44238
33658
481
42719
47386
97971
78003
80609
49046
65974
84875
98447
69521
19452
25872
75229
3856
21214
53023
81098
72776
86824
86344
57006
73639
32784
64491
47780
9062
74946
20824
70128
87374
81711
51589
98732
28936
56899
60910
45194
43502
80985
