X Y
7,1380407 20,7162937
17,3167839 26,6970974
6,2251081 21,5235896
7,488723 21,2852438
18,5869338 27,8940953
6,4556283 21,5792425
6,6824863 21,4606335
6,782458 22,1073896
6,783112 21,3272241
18,7779471 25,7901803
26,2217763 23,6028858
8,2961077 22,6564601
6,0246107 21,3073707
25,1600373 23,2031528
6,0491361 22,5763046
24,7867354 21,5842637
6,4595332 22,0289725
6,5326198 23,4741007
6,5234421 22,7238869
6,7873207 23,4512593
6,3361236 21,4078134
6,1265967 22,2465291
18,3469095 26,0339757
7,2302013 21,6775901
25,2906668 22,2528936
5,7575725 21,3818039
7,0079577 22,8234657
6,4461083 21,474475
25,890037 23,2853622
25,6520371 22,8793973
25,0646228 22,3593551
6,7736657 20,6391392
7,3932819 23,8813192
5,8068881 22,295575
19,2272265 26,7572461
6,5372028 22,2314938
25,2408588 22,9904239
24,6657324 22,8159187
25,6840533 22,6277229
19,4243604 26,6657552
18,1454694 24,6770154
26,0354071 23,057087
6,6816607 22,181559
18,6847552 26,7512126
6,7084482 22,3476031
7,0069141 21,6433645
24,9671496 22,5706636
6,0280514 21,9175145
26,119749 22,4952683
6,2754264 20,5181237
25,1158837 22,5203113
26,1893718 23,1229952
7,6448832 22,5097979
7,5602028 22,9395452
18,4660243 27,0658343
6,8333582 22,1458559
24,981523 22,9060427
6,4448173 21,3924326
18,3918645 26,1373822
7,0507339 21,8914672
6,0859968 23,3073856
5,9536312 20,9421675
18,1390656 24,8463691
18,643424 25,8286544
6,6184402 22,1581903
6,0378804 21,8398981
17,6414657 26,0387874
5,2601289 22,1302617
7,7168251 21,8439139
6,3272007 21,3992628
18,9229949 26,5806729
19,2497119 27,1526892
5,3850709 22,929574
6,1723265 21,7652199
25,5844094 21,8910342
5,8571489 21,9238542
6,4297189 22,8790058
17,5085251 27,3087264
6,6389733 22,2617305
5,5157307 21,4625122
6,7766986 23,4034076
24,7224099 24,5863043
19,276343 26,2339304
6,0943925 22,6865617
5,883543 21,5062408
5,9023932 22,7014328
18,0431829 24,1916806
6,9873371 22,721148
18,1902066 25,7520325
18,4149788 26,150165
6,97558 23,0881521
6,3428595 21,9143527
6,7429181 20,8331523
18,1749186 26,8207824
18,4760594 26,0735846
19,2704625 26,7480545
6,3792858 21,5605323
7,8442696 21,0162283
6,0309638 22,791361
18,2786398 26,269173
17,8999469 25,9242997
7,1082482 20,7893648
6,6577301 21,8912123
18,6029005 26,42586
25,4410343 23,137495
18,3802281 26,595284
25,1296876 23,7442082
6,5215722 23,2763654
18,2614595 25,7092743
6,701502 21,4576022
6,1270276 22,9079084
18,3967784 25,6018881
25,2642699 21,8047911
-3,0545572 -4,5100529
6,8133626 22,004717
6,2371487 22,9545321
17,8973894 24,6381881
6,5724924 22,0374135
5,2824454 22,2930743
6,9283338 22,6817516
6,639111 20,43927
17,6655005 26,5630289
18,133944 24,5102205
6,5862579 22,6105362
6,0435979 23,7227672
19,6429653 26,6088341
19,0621838 26,1481669
19,8487074 26,0996727
17,2426395 25,7435117
7,941989 22,5775858
5,9910517 22,7784925
6,7927063 22,4946188
6,8982989 21,6993171
6,2625316 20,8344727
5,8925827 20,8167881
18,2360895 26,0919292
5,412992 22,3478845
6,7354969 21,1601583
6,7333745 22,9613504
26,2866354 21,9393754
5,6790822 21,1097308
7,35974 22,8855748
6,0671649 21,648032
6,9840023 21,1853321
6,3375399 21,0144068
5,9615192 22,074959
18,8825926 26,2301073
24,7684804 21,969134
16,5475658 24,613431
17,3268006 25,1484728
6,5108494 21,3853183
18,6691704 25,5555364
18,5292013 25,441863
17,4064012 25,3136095
7,0555599 22,2971319
6,1589523 20,6211056
24,4438646 22,6802389
6,1461166 23,4035902
5,0324846 22,0553392
7,1448565 22,3680725
5,169837 22,3120813
6,9394645 22,233791
6,3998203 20,9174165
19,4988775 26,7845968
6,6365172 21,8437736
5,5698361 22,137194
18,5457152 26,825565
25,4850701 22,5577312
6,7499202 22,1698278
18,5413327 26,8133163
7,0900692 22,2498925
7,8189266 22,2225204
6,9036756 22,3388156
5,5377792 21,6477277
25,247945 23,465203
24,7263465 22,4513298
18,3161517 26,2694763
25,9112079 23,6036544
18,6667916 26,0802283
6,683798 22,326141
18,6793825 26,1925927
6,898991 21,0847664
17,6881166 25,9458824
5,8046045 21,6925113
7,0077288 23,6763881
5,1099198 22,5241425
6,3403924 23,2947464
7,0238798 22,9522382
6,0400056 21,4771859
6,8857445 21,2434376
7,0001624 22,3094335
6,2830139 22,4472338
6,7463115 20,3660196
25,0121632 24,4888445
17,0098548 25,3813548
6,1909895 22,9652934
18,8851098 25,7309435
5,8641333 21,5794699
17,7455263 26,2664973
8,000021 21,7656225
7,5876104 22,3013779
16,8909395 26,3374364
6,5906488 22,9773061
6,2863574 22,5764292
5,9137856 22,2600896
18,0639295 26,3016289
26,3950181 22,6261892
7,0681299 21,8772625
6,7335754 21,5319254
6,3263327 22,3282404
6,7806495 22,6356955
7,5559031 21,6067471
6,3652643 21,1621166
6,1631937 21,8090874
18,0088127 26,5415229
5,8063436 22,3976654
6,6176599 22,816195
19,2040645 26,875973
6,8548059 23,7021513
6,8556448 22,9696628
7,0467071 22,1794634
6,352951 22,2611517
18,529221 26,4599831
6,3270756 21,5703184
6,5201061 22,7624735
6,8438006 22,9882714
6,8196858 22,912429
6,0918758 22,8237087
5,9676148 21,2837318
7,62978 22,5966217
24,7058331 22,1468736
6,7143775 22,0575703
6,8015751 23,069555
7,6478637 21,5464234
6,1216083 22,5967242
18,1959819 26,2612702
6,141292 22,3441621
18,7688749 26,879949
17,9181286 26,1166037
6,8677577 21,8777588
7,3083073 21,2629302
17,3165643 25,3214407
7,3684935 22,7221846
7,2777648 21,0116419
24,832661 22,6196219
6,8254239 22,8956368
6,1829979 22,672709
6,895529 22,426401
19,7289885 27,0733737
6,9943182 21,7242029
7,6978053 23,2753145
6,662581 21,5625914
7,5650925 23,6631044
7,7728318 22,6759309
25,9131923 22,9800545
6,4956962 21,1383343
6,3831847 22,2500597
6,5580172 21,8791908
18,5456061 28,4195983
18,3230901 26,2469763
6,1866581 21,8775606
6,6248262 22,9604743
7,5236514 22,4766714
6,2845082 22,1431009
6,7513758 22,7419316
-13,2845572 38,4195983
6,8205095 22,5468223
6,1819177 19,9326537
17,7593236 26,3685979
6,0420269 22,5028871
6,9105061 22,7328896
6,4333444 21,7472678
6,8506155 22,5658975
18,4970626 26,6990861
19,1982896 25,0729629
6,1945528 20,7305638
5,7091325 21,4057586
6,2781369 22,7649714
6,6361678 21,9827121
6,5621304 21,9443523
7,3115433 21,5458818
24,79217 21,1972815
6,4030017 22,5905672
17,9020845 26,744325
7,5600651 21,7148831
5,8497421 20,6571714
6,2048953 22,3683118
19,0899503 28,1351273
25,687647 24,2510051
19,1010293 26,7176034
26,7712102 22,5868634
18,3187861 26,9788699
6,2200291 23,6714376
18,3429632 26,5823676
6,6396109 21,3495891
7,0570618 23,4945955
18,6320013 26,3249611
6,6086173 22,1732373
7,4443505 20,9148285
18,0354434 26,2461825
6,6774382 22,4106604
6,5234626 20,8473899
17,9761031 25,6179559
18,3196588 26,7254977
7,2509489 22,1429136
5,8900355 21,4679019
6,497745 23,0391628
5,8941558 22,2793463
7,8475242 21,4538514
17,7124719 25,5701006
6,2757854 21,1579922
6,5060476 21,805597
17,655927 25,4617931
7,6524291 22,9778645
6,8405403 21,6086378
26,8678815 23,2092424
6,8424756 21,79701
24,7966455 21,2735031
6,2623823 22,5021544
7,24116 22,1854684
7,8884037 23,4265971
6,3411312 22,3116458
6,9106533 22,2863706
26,1324288 23,1382923
6,3468027 23,7571975
6,9552797 22,632476
19,6007663 26,7755482
6,3504723 22,9367934
6,0299055 23,388863
7,283986 21,8126939
6,1057984 22,3427218
5,0826123 21,552591
6,8064596 21,1059085
7,0074835 21,6501263
6,1015176 22,9284817
26,3878825 22,0714089
7,0743702 21,438485
6,9055453 22,1671895
5,9563713 21,8000168
25,8159522 22,7808354
6,9254423 22,64078
5,8406774 22,0852819
6,1246306 21,1222645
25,2110938 22,6416471
6,4682048 21,8903826
7,0276518 21,5053832
6,3742158 21,5452949
5,6661507 22,5554286
6,1357238 23,5018767
25,2850889 23,164994
26,3974281 21,9322921
6,8381719 22,1368081
18,3860328 27,4351713
7,3145581 22,4980238
24,5641453 23,262314
6,1641844 22,8817356
6,3383737 22,0022801
6,4196219 21,6828199
7,6576096 21,0472
18,2627191 26,1435608
19,4450975 27,6309029
25,2853578 21,8844262
6,5195021 21,5298575
19,1945013 27,0726631
8,111216 22,1834845
18,7962074 27,0712999
19,0706703 25,1703045
5,783399 21,9251205
6,3720899 22,504115
6,5426114 23,0311139
6,7849241 21,900773
6,2299028 21,8460043
6,1053541 22,3261942
5,9572692 21,3395887
7,1218905 22,2651217
5,6758788 22,8237721
5,0533948 21,2894124
24,9429535 22,4678598
6,712085 22,6154642
18,9521677 27,3227668
7,8968605 23,253249
7,7783004 20,2342043
6,4575856 21,6950287
7,3819723 21,8628854
18,1992752 25,1966968
7,4925544 21,3379044
6,2562364 22,6296336
6,2008824 20,6543604
6,7423487 22,1912057
6,8938291 23,5108764
6,1266044 21,4792063
17,7258066 27,3617813
7,2124704 22,288377
6,2251463 19,7899471
25,1808197 24,4328102
19,3724462 27,0912942
5,5587421 21,5977661
24,7720952 23,290284
24,7875949 23,5101387
6,7443731 21,259759
7,0699864 21,8947245
6,5965963 22,1682965
18,2575347 26,3876445
5,6468987 22,7974213
6,0076464 21,0032581
18,7161293 26,0774791
4,7154428 20,3829518
6,4850398 22,4268112
5,5107787 20,571224
18,6948559 26,3722945
7,1168038 23,8668776
6,2919652 21,1170159
6,347879 22,7793886
6,7699209 21,5400156
5,9627099 21,861139
7,036373 22,0804668
6,9680108 22,6744311
6,4785877 23,5115146
18,3477455 27,4947642
8,0114096 22,2706948
17,5623653 25,6785804
7,2526765 21,9186976
7,2838148 21,3628111
6,228137 22,1042029
17,6622815 27,1072029
6,8577305 22,6604904
6,2944107 22,0573419
26,4838183 23,0768456
6,5390862 22,2104661
25,9387201 22,9424992
7,6331207 21,9136959
26,0205528 22,3198163
18,1348854 27,4400201
25,0563156 22,8559081
6,2627888 22,1340768
6,2537781 21,2976646
6,0496268 21,9740632
18,7955603 25,2738345
6,9628817 21,563252
7,2531321 22,1666782
7,2798991 21,7276236
6,4270053 22,388944
18,677381 25,8085425
18,578992 26,166035
6,1004983 20,6529796
6,0848411 22,9572337
5,9530651 22,1842243
5,7756935 22,096736
7,816498 20,8824778
5,8494167 21,1125934
17,5082198 25,2450466
6,4214763 21,965777
19,1889369 25,0684969
6,7107905 21,7891017
25,1257598 23,3709878
6,8422364 21,6808866
5,1689469 21,1381055
5,7881973 22,561019
7,398162 22,2895442
8,3242367 22,8359191
5,9691047 22,6206554
6,990186 21,6623131
6,1299561 23,1189947
19,2359104 26,1120803
5,8232417 21,1607681
18,4662545 25,2237141
6,32935 22,2689916
6,2286764 22,1098697
6,9581685 22,3976502
6,359492 21,3971905
25,7019596 23,9444957
6,6682405 21,7023088
7,0321217 21,7864364
7,5143169 21,4008451
7,4967478 20,4533862
5,8085125 22,2811994
6,7868946 21,1974997
6,8851657 21,8499026
5,312092 21,5730047
7,230391 22,7203084
25,6370727 21,7319925
17,6404724 25,5781586
17,4979558 26,1998594
19,4017873 25,7624444
7,1516533 22,4518606
18,4988505 25,3685483
18,6668881 25,3781593
16,9155138 26,7078976
18,3369744 26,2067968
7,1011973 22,450287
6,5828328 21,6048618
6,4814947 21,7693634
6,7539958 22,6700469
6,5586735 22,2842669
7,2913416 21,2097873
18,4010491 26,3966428
26,4079934 22,0025735
7,5180817 23,1959153
17,5830773 25,0122829
6,6132318 21,9920697
18,2491467 26,6426025
5,998916 22,3467285
6,3538053 20,9724395
6,1438348 20,6937081
7,3531117 21,0088381
42,8678815 43,4195983
24,9558498 23,5924346
5,815535 22,0954667
18,0854231 26,3290183
6,36533 22,715794
6,5146853 20,9219445
6,9773541 21,7811827
25,581896 22,2060678
5,9832066 21,8591216
6,3910417 21,7191839
7,2525782 22,1268504
17,9300961 26,6416231
6,9614209 23,7340193
6,214784 20,9692813
17,9624795 25,243085
17,2091749 26,8779825
5,8940888 22,4158618
5,7422458 21,9571084
19,2368032 27,5598407
7,7469004 23,0572627
7,1173219 21,9339113
5,1289257 20,2662699
6,9242986 23,476897
18,3872275 26,7723173
5,9730878 21,4031027
6,6236665 22,042198
6,5219437 21,6289034
6,6017475 24,0043171
25,5997271 24,5676307
18,9943327 25,9002
6,8887682 21,4605843
6,8356787 22,8169784
7,2339716 22,1575331
7,1420489 21,9180585
24,4879252 22,5603721
5,6886651 22,8724947
7,3251843 23,7039072
6,2719295 21,9835685
17,8559473 26,4136819
6,3608391 22,4177588
6,6888388 21,3849055
24,6718463 22,8969146
6,6012942 21,6944624
18,2913976 26,1777813
6,153165 22,4623306
6,3151283 21,9270304
25,786491 24,1822901
24,6940851 22,6431678
6,2885529 22,570014
6,7526855 22,8670465
18,2924903 26,6028638
7,2254036 19,8277892
6,6460217 21,0363677
6,2064105 23,0205451
25,3459999 22,8268984
18,0479245 27,6057953
18,339871 26,575324
6,2111002 22,3210759
18,8906298 26,6241555
17,6440768 26,3810777
7,6017466 21,2914472
17,6562647 26,4343218
7,394906 21,6722599
6,5975829 21,3282805
18,1192157 26,1946347
25,0637174 22,4226332
24,4580314 22,225076
5,581104 21,2252914
6,3719073 22,0982246
18,4643028 26,9481062
6,6793458 22,8233039
6,7474436 21,8887249
7,9181243 21,57221
6,8349275 21,5082599
7,2857045 21,0971498
6,6674022 21,2264599
6,9755886 21,6299515
18,1856235 26,7025685
6,8491223 21,6815054
5,9095304 23,4644949
18,0261129 25,8986119
25,0420726 23,4006361
6,644704 21,6322061
18,9368637 27,1451586
6,6185862 23,3178315
25,6813527 22,0531102
18,0297097 26,5921593
25,2024229 22,9555944
6,837335 22,6180482
24,6895924 22,5346367
7,0382364 22,1344631
6,8040898 22,7502305
5,8431503 21,551288
5,8324955 22,2105169
6,6344532 21,5579186
5,3030545 21,3901633
6,6606635 23,1148286
6,7590492 23,3673278
7,3327174 22,0393026
19,6807261 27,5444668
7,0565206 21,045445
6,2617075 20,6066732
18,7598527 28,183034
6,4138053 22,4780309
